wave.json
{"header": {"discipline":10,"disciplineName":"Oceanographic products","gribEdition":2,"gribLength":10447,"center":7,"centerName":"US National Weather Service - NCEP(WMC)","subcenter":0,"refTime":"2020-08-25T18:00:00.000Z","significanceOfRT":1,"significanceOfRTName":"Start of forecast","productStatus":0,"productStatusName":"Operational products","productType":1,"productTypeName":"Forecast products","productDefinitionTemplate":0,"productDefinitionTemplateName":"Analysis/forecast at horizontal level/layer at a point in time","parameterCategory":0,"parameterCategoryName":"Waves","parameterNumber":10,"parameterNumberName":"Primary_wave_direction","parameterUnit":"degrees","genProcessType":2,"genProcessTypeName":"Forecast","forecastTime":0,"surface1Type":1,"surface1TypeName":"Ground or water surface","surface1Value":1.0,"surface2Type":255,"surface2TypeName":"Missing","surface2Value":0.0,"gridDefinitionTemplate":0,"gridDefinitionTemplateName":"Latitude_Longitude","numberPoints":12300,"shape":6,"shapeName":"Earth spherical with radius of 6,371,229.0 m","gridUnits":"degrees","resolution":48,"winds":"true","scanMode":64,"nx":123,"ny":100,"basicAngle":0,"subDivisions":0,"lo1":74.0,"la1":4.0,"lo2":135.0,"la2":53.5,"dx":0.5,"dy":0.5}, "data":
[rows 0 to 33 of 100, columns 0 to 75 of 123]
152.37,153.03,154.16,155.6,156.67,157.8,158.95,160.11,161.39,162.74,164.21,165.75,167.55,169.61,171.87,173.94,175.69,177.08,183.16,218.27,218.99,219.73,220.46,221.14,221.75,222.29,222.76,223.14,213.98,213.87,213.8,213.75,213.74,213.75,213.78,213.82,213.88,213.94,214.02,214.11,214.25,214.44,216.65,216.43,221.68,"NaN","NaN","NaN","NaN","NaN",121.44,136.14,151.88,165.55,"NaN","NaN","NaN","NaN","NaN",142.21,150.67,163.72,165.26,37.47,31.65,3.31,357.16,288.2,5.12,27.28,22.92,22.43,13.24,296.5,302.81,322.36
155.79,155.44,155.56,156.54,157.43,158.54,159.84,161.35,162.84,164.34,165.98,167.79,169.97,172.2,174.4,176.08,176.82,181.73,181.83,181.45,218.8,219.61,220.37,221.06,221.66,222.15,222.55,213.38,213.32,213.28,213.27,213.28,213.31,213.35,213.41,213.49,213.57,213.67,213.77,213.88,214.03,216.32,216.43,216.81,"NaN","NaN","NaN","NaN","NaN",120.57,134.98,145.29,162.66,183.36,"NaN","NaN","NaN","NaN","NaN",133.82,154.53,161.07,200.38,303.95,315.96,312.01,309.78,330.88,345.34,11.15,312.42,312.35,6.42,294.79,305.76,315.47
156.03,154.49,154.75,155.98,157.43,159.17,161.04,162.97,164.91,166.89,168.88,171.03,173.48,175.1,175.8,175.71,179.45,179.05,178.44,177.81,177.24,219.53,220.3,220.98,221.54,212.72,212.73,212.74,212.76,212.78,212.82,212.87,212.93,213.01,213.1,213.19,213.3,213.42,213.55,213.69,215.86,216.02,216.17,"NaN","NaN","NaN","NaN","NaN",119.43,136.21,146.43,155.49,164.11,"NaN","NaN","NaN","NaN","NaN","NaN",148.86,160.53,165.36,250.72,303.99,312.24,308.79,306.45,312.84,338.64,303.33,304.89,307.72,308.82,332.03,65.23,302.74
150.52,150.71,153.25,155.85,158.45,161.29,164.05,171.26,173.86,176.02,177.57,175.36,176.44,178.3,176.3,175.32,174.17,173.74,173.84,173.95,174.13,174.36,211.74,211.86,211.95,212.04,212.12,212.2,212.28,212.35,212.43,212.52,212.61,212.71,212.82,212.94,213.07,213.22,213.37,215.55,215.62,215.79,216.03,"NaN",20.4,30.87,79.89,107.36,128.6,142.57,154.29,162.79,173.16,"NaN","NaN","NaN","NaN","NaN",119.88,148.75,170.21,172.4,178.63,300.13,302.72,294.74,280.84,288.85,305.16,300.44,302.3,305.25,308.47,309.44,295.86,311.61
152.42,153.92,157.17,161.04,164.71,173.05,176.91,179.99,182.03,183.26,183.56,184.9,187.61,"NaN",166.2,168.22,169.47,170.12,170.98,171.82,172.54,210.81,211.0,211.16,211.31,211.46,211.59,211.72,211.85,211.97,212.09,212.2,212.32,212.45,212.58,212.72,212.88,215.19,215.23,215.27,215.44,215.64,216.09,219.66,236.33,291.92,295.23,298.05,298.67,298.53,294.34,287.86,273.66,"NaN","NaN","NaN","NaN",104.6,137.92,155.65,170.12,176.92,183.52,189.13,295.48,286.94,274.36,282.7,300.51,297.12,299.22,302.13,305.17,306.54,304.1,299.54
160.29,164.8,168.02,173.17,177.46,186.38,189.79,191.58,191.99,190.86,190.8,195.57,"NaN","NaN","NaN","NaN",167.86,169.61,170.44,171.41,209.86,210.13,210.35,210.56,210.75,210.94,211.12,211.29,211.46,211.61,211.77,211.91,212.06,212.21,212.37,212.53,214.85,214.88,214.93,215.02,214.95,215.31,215.84,217.98,221.8,232.99,235.18,292.15,293.1,291.16,287.34,279.09,"NaN","NaN","NaN","NaN",115.09,129.17,145.36,163.12,174.21,180.17,190.73,196.36,204.15,218.45,256.11,267.44,284.66,290.17,293.56,296.96,299.81,300.2,298.47,294.74
185.71,186.77,188.0,191.91,195.08,202.69,203.1,201.54,198.22,194.65,195.11,203.43,"NaN","NaN","NaN","NaN",166.24,168.68,169.88,171.07,209.13,209.47,209.75,210.01,210.24,210.46,210.67,210.88,211.08,211.28,211.47,211.65,211.82,212.0,212.17,214.5,214.54,214.64,214.78,214.54,213.33,213.28,214.97,216.42,218.91,222.29,226.41,230.9,236.16,287.34,284.24,292.45,"NaN","NaN",79.76,108.8,125.48,138.69,152.49,166.33,177.59,188.54,200.35,208.18,219.02,226.49,234.59,241.97,263.21,272.3,278.32,277.79,295.77,292.99,291.77,287.53
206.89,203.49,204.3,206.39,208.04,212.81,208.07,200.64,190.43,186.72,189.55,201.18,"NaN","NaN","NaN","NaN",165.06,167.58,169.22,170.67,208.27,208.8,209.18,209.49,209.76,210.01,210.26,210.49,210.73,210.95,211.17,211.39,211.6,211.8,214.11,214.16,214.28,214.44,214.39,214.68,214.01,213.01,213.79,215.22,217.21,219.73,222.74,226.3,227.81,237.2,279.99,"NaN","NaN",101.59,102.18,121.08,132.26,144.46,156.39,168.06,181.91,196.78,209.02,216.19,224.59,232.04,241.09,248.84,259.52,269.43,271.63,290.89,291.06,286.01,284.94,281.3
209.63,210.05,212.02,214.49,217.95,225.44,224.83,197.62,176.81,175.55,179.7,187.07,"NaN","NaN","NaN","NaN",160.12,162.33,168.58,170.24,207.25,208.05,208.58,208.98,209.31,209.6,209.87,210.13,210.39,210.64,210.9,211.14,213.61,213.68,213.77,213.85,214.0,214.23,214.07,212.96,212.91,212.56,212.84,214.13,215.76,217.96,220.51,223.14,230.77,242.39,"NaN","NaN","NaN",117.18,129.87,134.95,139.93,145.07,158.75,156.29,163.67,197.04,211.08,221.96,227.72,233.29,239.51,245.4,249.67,265.28,271.63,276.38,283.63,281.65,281.31,277.57
220.69,217.99,218.69,221.35,228.29,238.44,"NaN","NaN","NaN",171.78,178.45,204.17,"NaN","NaN","NaN",151.53,159.72,162.19,164.09,169.84,206.11,207.18,207.92,208.45,208.86,209.2,209.5,209.79,210.07,210.35,210.63,213.07,213.19,213.3,213.42,213.55,213.68,213.97,214.3,216.41,211.62,211.15,211.76,212.97,214.49,216.42,218.72,221.01,236.05,"NaN","NaN","NaN","NaN",124.62,133.6,138.41,142.43,146.78,151.26,156.71,171.41,206.51,217.44,226.54,229.54,231.41,233.7,242.89,247.11,250.2,260.4,265.02,269.28,273.03,274.16,275.93
216.78,214.97,218.07,223.94,236.36,236.55,"NaN","NaN","NaN",167.03,175.84,202.99,"NaN","NaN","NaN",152.89,159.48,162.0,164.09,165.76,204.86,206.22,207.18,207.88,208.39,208.8,209.15,209.47,209.78,210.08,212.46,212.62,212.78,212.92,213.05,213.25,213.49,213.56,214.44,217.77,213.83,210.6,210.6,211.74,213.27,215.07,217.14,219.76,238.02,"NaN","NaN","NaN",128.01,135.07,140.14,144.28,145.13,148.49,153.91,160.6,202.08,227.81,"NaN","NaN",233.49,230.36,226.72,229.32,235.28,242.62,251.82,258.27,259.99,262.69,268.89,272.44
213.47,213.12,220.33,233.07,249.17,"NaN","NaN","NaN","NaN","NaN",174.57,189.66,185.03,"NaN",145.88,153.88,159.36,161.89,164.1,165.8,167.09,205.17,206.36,207.23,207.88,208.38,208.8,209.15,211.56,211.78,211.99,212.18,212.36,212.54,212.69,212.93,213.16,213.2,214.01,216.47,217.35,213.13,210.48,210.69,212.07,213.74,215.5,222.68,239.82,"NaN","NaN",253.14,165.54,139.1,143.54,147.7,151.2,154.45,159.33,247.91,239.3,247.0,"NaN","NaN","NaN",232.36,215.5,223.59,227.2,231.16,235.31,242.79,248.81,260.24,263.97,268.76
220.98,225.33,231.95,247.72,260.11,"NaN","NaN","NaN","NaN","NaN","NaN",179.32,192.28,214.36,148.33,154.87,159.35,161.88,164.1,165.83,167.21,204.07,205.45,206.5,207.3,207.92,208.41,210.74,211.03,211.29,211.53,211.75,211.95,212.15,212.33,212.55,212.9,212.95,213.44,215.29,217.29,216.06,212.26,210.75,211.12,212.58,214.08,224.52,244.48,"NaN","NaN",298.25,138.85,142.55,146.92,150.29,153.58,158.35,166.88,251.54,260.79,257.09,"NaN","NaN","NaN","NaN",217.85,211.68,221.33,225.74,228.84,234.25,240.17,246.56,260.63,266.02
210.64,218.83,231.45,250.55,266.84,"NaN","NaN","NaN","NaN","NaN","NaN","NaN",107.68,142.24,150.33,155.56,159.44,161.93,164.13,165.87,167.3,202.96,204.5,205.7,206.65,207.39,209.72,210.15,210.51,210.81,211.07,211.31,211.54,211.75,211.93,212.21,212.58,212.87,213.04,214.33,216.29,217.03,215.05,211.99,211.06,211.85,212.72,222.19,242.34,"NaN","NaN",256.2,238.29,144.98,149.43,152.98,157.18,162.61,177.9,258.73,"NaN","NaN","NaN","NaN","NaN","NaN","NaN","NaN",211.21,220.06,226.86,233.59,235.06,243.84,252.39,257.84
201.79,224.24,240.29,254.95,"NaN","NaN","NaN","NaN","NaN","NaN","NaN","NaN",137.16,145.75,151.73,156.15,159.61,162.04,164.17,165.91,167.39,168.69,203.5,204.86,207.63,208.42,209.05,209.56,209.98,210.32,210.62,210.88,211.12,211.35,211.63,211.86,212.03,208.68,211.16,213.34,215.19,216.72,216.28,214.16,211.98,211.73,212.09,220.09,237.78,248.96,"NaN","NaN",213.63,218.73,226.23,154.89,159.64,165.34,263.76,"NaN","NaN","NaN","NaN","NaN","NaN","NaN","NaN","NaN","NaN",201.6,219.12,225.05,229.92,236.01,243.83,250.81
242.54,250.84,256.79,259.99,"NaN","NaN","NaN","NaN","NaN","NaN","NaN","NaN",141.01,148.03,152.84,156.74,159.84,162.21,164.26,165.99,167.49,168.82,202.49,205.73,206.8,207.69,208.41,208.97,209.45,209.84,210.17,210.46,210.72,210.98,211.22,211.52,211.75,212.05,209.23,211.77,213.82,215.69,216.46,215.73,213.63,212.51,212.83,231.55,237.78,246.43,"NaN","NaN",183.73,207.18,220.55,156.3,161.21,166.96,"NaN","NaN","NaN","NaN","NaN","NaN","NaN","NaN","NaN","NaN","NaN","NaN","NaN",214.92,220.08,225.75,232.26,239.29
252.66,257.57,256.46,"NaN","NaN","NaN","NaN","NaN","NaN","NaN","NaN","NaN",144.81,149.71,153.85,157.31,160.15,162.41,164.41,166.11,167.63,168.98,170.2,204.86,205.99,206.95,207.76,208.42,208.94,209.38,209.74,210.06,210.34,210.63,210.91,211.24,211.48,227.72,189.77,209.45,212.42,214.28,215.79,215.98,215.04,213.74,213.82,236.07,246.49,299.66,"NaN","NaN",176.8,204.61,212.52,227.97,237.21,244.34,"NaN","NaN","NaN","NaN","NaN","NaN","NaN","NaN","NaN","NaN","NaN","NaN","NaN",192.5,210.21,218.02,226.88,235.35
254.71,258.58,"NaN","NaN","NaN","NaN","NaN","NaN","NaN","NaN","NaN","NaN","NaN",150.91,154.72,157.87,160.5,162.68,164.62,166.29,167.81,169.16,170.4,204.01,205.19,206.21,207.09,207.83,208.44,208.94,209.35,209.7,210.01,210.3,210.67,211.01,211.14,226.79,220.9,207.28,210.45,212.84,214.77,215.39,215.19,214.39,214.47,236.03,256.3,"NaN","NaN","NaN","NaN",193.15,204.76,218.66,"NaN","NaN","NaN","NaN","NaN","NaN","NaN","NaN","NaN","NaN","NaN","NaN","NaN","NaN","NaN",182.99,200.93,209.84,217.88,226.64
257.05,259.93,"NaN","NaN","NaN","NaN","NaN","NaN","NaN","NaN","NaN","NaN","NaN",151.64,155.5,158.4,160.88,162.99,164.87,166.52,168.03,169.4,170.66,203.2,204.41,205.48,206.42,207.23,207.92,208.49,208.96,209.37,209.72,210.03,210.41,210.84,210.95,216.98,224.89,205.9,208.38,211.39,213.26,214.42,214.77,214.39,222.58,228.86,241.83,254.31,"NaN","NaN","NaN",193.18,"NaN","NaN","NaN","NaN","NaN","NaN","NaN","NaN","NaN","NaN","NaN","NaN","NaN","NaN","NaN","NaN","NaN",172.27,190.96,203.29,210.06,216.31
255.09,255.64,"NaN","NaN","NaN","NaN","NaN","NaN","NaN","NaN","NaN","NaN","NaN",152.29,156.27,158.87,161.26,163.31,165.14,166.77,168.28,169.65,170.94,202.39,203.64,204.75,205.75,206.62,207.38,208.03,208.57,209.03,209.42,209.76,210.13,210.64,210.79,213.17,199.05,204.29,206.93,209.6,211.62,213.03,213.99,213.99,226.14,229.33,236.13,"NaN","NaN","NaN","NaN","NaN","NaN","NaN","NaN","NaN","NaN","NaN","NaN","NaN","NaN","NaN","NaN","NaN","NaN","NaN","NaN","NaN","NaN",163.7,181.06,195.19,204.25,212.51
259.47,"NaN","NaN","NaN","NaN","NaN","NaN","NaN","NaN","NaN","NaN","NaN","NaN",155.06,158.58,160.67,162.83,164.75,165.4,167.02,168.52,169.92,172.06,201.59,202.9,204.04,205.07,206.0,206.82,207.53,208.14,208.66,209.11,209.5,209.88,210.4,210.65,211.84,212.48,275.99,205.5,208.07,210.27,211.98,213.08,213.78,220.04,228.57,233.55,"NaN","NaN","NaN","NaN","NaN","NaN","NaN","NaN","NaN","NaN","NaN","NaN","NaN","NaN","NaN","NaN","NaN","NaN","NaN","NaN","NaN","NaN",160.14,180.26,191.04,198.81,206.41
258.6,"NaN","NaN","NaN","NaN","NaN","NaN","NaN","NaN","NaN","NaN","NaN","NaN",156.0,159.24,161.2,163.26,165.08,166.78,168.33,169.74,171.02,172.2,200.81,202.16,203.35,204.41,205.37,206.25,207.03,207.71,208.3,208.8,209.25,209.66,210.15,210.52,211.15,212.89,215.09,274.14,204.23,198.75,204.17,209.75,213.18,218.02,227.49,"NaN","NaN","NaN","NaN","NaN","NaN","NaN","NaN","NaN","NaN","NaN","NaN","NaN","NaN","NaN","NaN","NaN","NaN","NaN","NaN","NaN","NaN","NaN",165.14,179.9,187.02,194.4,201.81
257.16,"NaN","NaN","NaN","NaN","NaN","NaN","NaN","NaN","NaN","NaN","NaN","NaN",156.82,159.74,161.74,163.69,165.42,167.07,168.57,169.95,171.22,172.4,173.5,201.45,202.68,203.77,204.76,205.68,206.52,207.27,207.93,208.5,209.0,209.46,209.78,210.12,210.58,212.05,214.02,269.34,272.81,194.83,196.14,204.25,210.01,214.65,220.72,"NaN","NaN","NaN","NaN","NaN","NaN","NaN","NaN","NaN","NaN","NaN","NaN","NaN","NaN","NaN","NaN","NaN","NaN","NaN","NaN","NaN","NaN",143.03,163.26,177.23,183.72,190.75,198.05
"NaN","NaN","NaN","NaN","NaN","NaN","NaN","NaN","NaN","NaN","NaN","NaN","NaN",157.73,160.4,162.2,164.06,165.75,167.34,168.81,170.18,171.44,172.61,173.7,200.74,202.03,203.16,204.17,205.13,206.01,206.83,207.55,208.19,208.5,208.91,209.32,209.78,210.16,211.2,212.96,234.85,263.89,204.17,189.9,194.48,203.43,210.72,216.98,"NaN","NaN","NaN","NaN","NaN","NaN","NaN","NaN","NaN","NaN","NaN","NaN","NaN","NaN","NaN","NaN","NaN","NaN","NaN","NaN","NaN","NaN",144.92,163.45,173.92,180.67,187.89,195.0
"NaN","NaN","NaN","NaN","NaN","NaN","NaN","NaN","NaN","NaN","NaN","NaN","NaN","NaN","NaN",162.62,164.48,166.02,167.58,169.04,170.38,171.64,172.81,173.91,174.96,201.35,202.54,203.58,204.56,205.48,206.35,206.9,207.5,208.03,208.47,208.9,209.41,209.87,210.61,211.93,237.73,"NaN","NaN","NaN",188.42,196.09,205.37,212.03,"NaN","NaN","NaN","NaN","NaN","NaN","NaN","NaN","NaN","NaN","NaN","NaN","NaN","NaN","NaN","NaN","NaN","NaN","NaN","NaN","NaN",113.27,149.84,163.44,170.92,178.65,185.51,192.9
"NaN","NaN","NaN","NaN","NaN","NaN","NaN","NaN","NaN","NaN","NaN","NaN","NaN","NaN","NaN","NaN","NaN",166.25,167.8,169.21,170.56,171.81,172.98,174.09,175.14,200.66,201.92,203.0,204.01,204.9,205.65,206.36,207.01,207.58,208.08,208.54,209.04,209.58,210.29,211.34,218.83,"NaN","NaN","NaN","NaN",207.9,205.35,"NaN","NaN","NaN","NaN","NaN","NaN","NaN","NaN","NaN","NaN","NaN","NaN","NaN","NaN","NaN","NaN","NaN","NaN","NaN","NaN","NaN",111.85,143.37,162.11,170.1,174.44,180.0,183.51,190.75
"NaN","NaN","NaN","NaN","NaN","NaN","NaN","NaN","NaN","NaN","NaN","NaN","NaN","NaN","NaN","NaN","NaN",165.63,167.91,169.38,170.66,171.94,173.12,174.24,175.31,199.97,201.55,202.6,203.52,204.34,205.12,205.84,206.52,207.14,207.69,208.2,208.71,209.28,209.98,210.89,213.85,"NaN","NaN","NaN","NaN","NaN","NaN","NaN","NaN","NaN","NaN","NaN","NaN","NaN","NaN","NaN","NaN","NaN","NaN","NaN","NaN","NaN","NaN","NaN","NaN","NaN","NaN",244.09,230.71,182.48,174.2,183.72,186.15,183.27,183.66,188.49
"NaN","NaN","NaN","NaN","NaN","NaN","NaN","NaN","NaN","NaN","NaN","NaN","NaN","NaN","NaN","NaN","NaN","NaN","NaN",169.13,170.84,171.99,173.21,174.33,175.42,199.61,200.91,202.03,202.98,203.82,204.6,205.34,206.05,206.71,207.31,207.86,208.4,209.0,209.67,210.56,212.09,260.39,"NaN","NaN","NaN","NaN","NaN","NaN","NaN","NaN","NaN","NaN","NaN","NaN","NaN","NaN","NaN","NaN","NaN","NaN","NaN","NaN","NaN","NaN","NaN","NaN",213.17,228.1,218.94,197.39,177.75,193.89,195.09,188.71,185.62,187.18
"NaN","NaN","NaN","NaN","NaN","NaN","NaN","NaN","NaN","NaN","NaN","NaN","NaN","NaN","NaN","NaN","NaN","NaN","NaN","NaN",172.08,173.61,174.64,175.75,176.84,198.97,200.26,201.43,202.45,203.33,204.11,204.86,205.59,206.28,206.93,207.53,208.1,208.72,209.4,210.24,211.86,"NaN","NaN","NaN","NaN","NaN","NaN","NaN","NaN","NaN","NaN","NaN","NaN","NaN","NaN","NaN","NaN","NaN","NaN","NaN","NaN","NaN","NaN","NaN","NaN",222.28,203.28,217.07,222.98,216.0,197.76,214.4,211.49,201.05,190.86,187.71
"NaN","NaN","NaN","NaN","NaN","NaN","NaN","NaN","NaN","NaN","NaN","NaN","NaN","NaN","NaN","NaN","NaN","NaN","NaN","NaN","NaN",173.14,174.79,175.7,176.78,198.4,199.65,200.85,201.92,202.84,203.65,204.42,205.16,205.88,206.57,207.21,207.83,208.44,209.22,209.93,224.47,"NaN","NaN","NaN","NaN","NaN","NaN","NaN","NaN","NaN","NaN","NaN","NaN","NaN","NaN","NaN","NaN","NaN","NaN","NaN","NaN","NaN","NaN","NaN",210.11,196.54,202.15,212.73,220.17,218.74,"NaN","NaN","NaN",176.63,184.4,188.13
"NaN","NaN","NaN","NaN","NaN","NaN","NaN","NaN","NaN","NaN","NaN","NaN","NaN","NaN","NaN","NaN","NaN","NaN","NaN","NaN","NaN","NaN",172.3,175.63,176.74,177.81,199.08,200.28,256.97,256.56,254.5,257.08,255.67,254.45,255.77,254.92,253.92,208.27,208.58,225.98,"NaN","NaN","NaN","NaN","NaN","NaN","NaN","NaN","NaN","NaN","NaN","NaN","NaN","NaN","NaN","NaN","NaN","NaN","NaN","NaN","NaN","NaN","NaN","NaN",213.58,194.66,200.76,207.39,215.89,221.04,"NaN","NaN","NaN","NaN",181.52,188.75
"NaN","NaN","NaN","NaN","NaN","NaN","NaN","NaN","NaN","NaN","NaN","NaN","NaN","NaN","NaN","NaN","NaN","NaN","NaN","NaN","NaN","NaN","NaN",174.72,176.58,178.14,249.13,245.78,248.89,249.05,247.39,250.74,248.29,248.91,248.59,250.04,251.7,252.81,212.26,231.1,"NaN","NaN","NaN","NaN","NaN","NaN","NaN","NaN","NaN","NaN","NaN","NaN","NaN","NaN","NaN","NaN","NaN","NaN","NaN","NaN","NaN","NaN","NaN","NaN",172.56,191.21,171.44,191.01,206.14,214.65,"NaN","NaN","NaN","NaN",175.79,185.2
"NaN","NaN","NaN","NaN","NaN","NaN","NaN","NaN","NaN","NaN","NaN","NaN","NaN","NaN","NaN","NaN","NaN","NaN","NaN","NaN","NaN","NaN","NaN","NaN","NaN",176.03,230.88,244.08,249.98,249.8,248.39,245.29,244.43,239.05,239.0,240.89,244.6,246.14,229.88,"NaN","NaN","NaN","NaN","NaN","NaN","NaN","NaN","NaN","NaN","NaN","NaN","NaN","NaN","NaN","NaN","NaN","NaN","NaN","NaN","NaN","NaN","NaN","NaN","NaN","NaN",157.48,172.11,185.4,199.98,212.09,224.77,243.06,"NaN","NaN",167.11,179.44
"NaN","NaN","NaN","NaN","NaN","NaN","NaN","NaN","NaN","NaN","NaN","NaN","NaN","NaN","NaN","NaN","NaN","NaN","NaN","NaN","NaN","NaN","NaN","NaN","NaN","NaN",245.63,239.38,237.69,238.08,235.91,235.52,235.86,234.33,232.95,234.03,235.34,234.97,"NaN","NaN","NaN","NaN","NaN","NaN","NaN","NaN","NaN","NaN","NaN","NaN","NaN","NaN","NaN","NaN","NaN","NaN","NaN","NaN","NaN","NaN","NaN","NaN","NaN","NaN","NaN","NaN",168.69,182.44,195.06,202.92,215.81,229.32,"NaN",148.73,161.37,175.06
