wave.json
{"header": {"discipline":0,"disciplineName":"Meteorological products","gribEdition":2,"gribLength":10449,"center":7,"centerName":"US National Weather Service - NCEP(WMC)","subcenter":0,"refTime":"2020-08-25T18:00:00.000Z","significanceOfRT":1,"significanceOfRTName":"Start of forecast","productStatus":0,"productStatusName":"Operational products","productType":1,"productTypeName":"Forecast products","productDefinitionTemplate":0,"productDefinitionTemplateName":"Analysis/forecast at horizontal level/layer at a point in time","parameterCategory":2,"parameterCategoryName":"Momentum","parameterNumber":0,"parameterNumberName":"Wind_direction","parameterUnit":"degrees","genProcessType":2,"genProcessTypeName":"Forecast","forecastTime":0,"surface1Type":1,"surface1TypeName":"Ground or water surface","surface1Value":1.0,"surface2Type":255,"surface2TypeName":"Missing","surface2Value":0.0,"gridDefinitionTemplate":0,"gridDefinitionTemplateName":"Latitude_Longitude","numberPoints":12300,"shape":6,"shapeName":"Earth spherical with radius of 6,371,229.0 m","gridUnits":"degrees","resolution":48,"winds":"true","scanMode":64,"nx":123,"ny":100,"basicAngle":0,"subDivisions":0,"lo1":74.0,"la1":4.0,"lo2":135.0,"la2":53.5,"dx":0.5,"dy":0.5}, "data":
[rows 0 to 33 of 100, columns 0 to 75 of 123]
333.34,328.79,328.65,322.0,319.38,316.39,284.98,283.15,276.45,254.84,257.46,245.97,223.57,213.05,215.14,217.91,227.81,248.06,238.35,202.76,202.25,222.29,241.93,246.23,244.94,254.46,259.49,258.06,260.5,272.32,268.45,263.29,274.19,307.61,290.65,265.47,264.65,263.69,289.25,267.21,135.76,205.54,234.85,233.78,186.15,"NaN","NaN","NaN","NaN","NaN",151.35,146.26,146.86,135.69,"NaN","NaN","NaN","NaN","NaN",209.45,177.88,176.69,176.66,181.05,195.85,215.99,238.45,255.4,250.93,258.75,277.09,284.42,295.57,298.98,304.35,311.89
332.14,326.61,329.31,332.42,322.59,329.21,296.73,274.57,279.86,241.52,235.33,239.34,229.41,224.46,212.24,212.93,207.13,212.22,224.38,222.32,202.66,215.46,209.59,227.92,241.06,242.11,253.54,256.8,257.84,256.52,259.1,253.73,259.58,268.76,268.31,259.77,264.42,289.06,263.33,304.8,285.15,240.31,189.22,119.7,"NaN","NaN","NaN","NaN","NaN",135.18,138.97,141.56,142.44,127.02,"NaN","NaN","NaN","NaN","NaN",202.72,175.74,165.97,171.23,176.36,188.37,204.83,216.1,241.02,248.21,258.39,267.52,283.53,296.89,300.35,308.95,309.22
333.82,329.81,327.73,326.15,321.85,330.62,320.84,285.09,280.24,262.31,240.79,233.64,230.66,224.83,223.09,217.69,207.58,209.08,212.27,211.46,203.49,211.93,205.21,211.35,226.89,236.93,236.68,246.55,248.82,250.76,252.59,255.97,272.29,274.99,283.72,277.1,298.22,333.4,325.55,338.03,349.34,16.4,97.46,"NaN","NaN","NaN","NaN","NaN",150.84,142.46,148.99,150.89,146.74,"NaN","NaN","NaN","NaN","NaN","NaN",178.66,169.14,156.49,166.37,182.84,183.87,206.76,213.53,226.95,229.11,235.96,255.25,274.39,292.83,296.77,295.61,304.63
330.1,327.34,324.92,323.16,323.43,312.87,307.27,298.95,269.72,263.12,251.75,240.06,242.16,239.62,230.54,222.53,215.55,204.08,207.6,202.48,204.83,206.72,214.01,202.64,210.28,230.38,225.48,229.04,239.37,249.0,254.73,256.48,257.8,282.29,284.92,309.89,321.67,333.96,338.41,3.41,24.77,11.71,45.72,"NaN",175.17,9.93,129.73,132.06,144.94,143.97,135.88,149.23,153.01,"NaN","NaN","NaN","NaN","NaN",176.35,162.49,160.79,163.35,172.2,185.34,201.41,204.67,218.03,225.02,227.41,235.46,242.58,255.43,270.27,281.03,292.87,304.13
330.21,326.36,324.91,323.1,316.91,307.99,300.55,291.76,272.11,257.95,251.42,242.71,246.58,"NaN",242.58,226.78,213.81,204.97,200.79,201.35,198.16,201.07,204.62,209.95,210.28,223.86,220.12,222.68,240.72,239.07,241.14,231.09,270.95,275.3,285.58,307.34,312.9,328.2,327.73,352.94,52.69,34.64,22.59,33.82,20.58,14.6,36.77,83.19,116.6,86.51,136.52,219.19,281.85,"NaN","NaN","NaN","NaN",169.22,161.37,156.97,163.22,169.71,176.22,187.24,198.25,205.24,212.9,221.87,231.95,235.62,248.94,252.23,262.53,275.77,289.28,305.65
329.22,324.63,323.81,321.22,317.35,311.39,305.9,292.7,282.62,267.44,251.48,240.41,"NaN","NaN","NaN","NaN",205.62,198.83,192.67,195.09,194.35,194.2,194.57,207.55,209.36,216.26,212.63,221.05,224.36,238.25,254.69,212.46,264.14,281.73,286.12,310.37,321.08,337.08,338.18,1.63,17.54,41.09,36.82,9.34,7.29,0.66,352.12,328.96,11.96,286.83,275.44,324.59,"NaN","NaN","NaN","NaN",174.66,142.26,154.4,160.54,169.01,174.59,179.59,189.91,197.86,211.32,222.95,225.65,231.11,241.36,247.58,256.62,262.28,272.06,285.63,304.79
329.76,324.13,324.8,319.95,311.89,311.27,307.47,292.38,275.04,258.48,246.06,233.13,"NaN","NaN","NaN","NaN",198.61,189.97,184.37,190.06,189.96,191.32,189.91,196.87,208.56,210.55,215.24,212.25,222.86,227.8,242.75,202.78,209.76,248.95,271.15,304.21,318.34,323.7,337.42,354.84,2.78,32.59,40.69,20.02,355.78,347.44,340.76,336.8,334.85,314.38,305.43,331.85,"NaN","NaN",218.16,211.12,159.55,164.93,167.69,174.1,179.98,180.15,190.94,200.3,209.98,220.83,223.74,233.39,238.46,242.7,247.39,250.63,260.37,267.01,279.61,296.16
330.91,326.17,321.18,316.46,316.33,316.39,306.8,289.97,269.23,246.87,233.3,219.06,"NaN","NaN","NaN","NaN",181.16,181.3,179.43,183.1,184.8,188.6,191.7,194.95,204.88,204.72,211.39,215.01,229.8,224.75,245.34,216.14,223.86,227.24,242.12,281.6,287.51,302.65,331.95,346.09,354.12,24.19,25.17,1.95,340.4,324.44,323.62,324.37,312.07,297.97,289.24,"NaN","NaN",243.58,221.12,173.24,188.66,193.69,184.51,195.78,202.01,205.58,213.7,218.54,221.7,227.26,231.65,234.04,237.35,236.58,242.31,246.69,250.8,258.99,269.67,275.35
329.33,323.41,317.86,316.11,316.76,320.13,312.83,296.13,259.86,233.0,220.36,209.38,"NaN","NaN","NaN","NaN",168.95,174.95,178.65,181.76,182.0,184.99,190.77,192.2,198.43,206.35,208.08,208.34,222.13,231.39,231.6,213.39,207.73,218.57,234.82,231.62,256.98,305.69,322.91,339.03,341.23,339.17,318.94,294.88,305.05,300.5,316.68,329.66,322.29,296.41,"NaN","NaN","NaN",260.64,203.27,225.43,220.88,225.44,210.64,223.31,224.1,227.16,234.27,237.02,232.36,232.31,230.63,230.03,231.17,229.55,232.21,236.01,237.5,243.47,250.25,259.41
326.43,320.01,318.26,319.75,321.85,324.46,"NaN","NaN","NaN",203.62,203.05,200.83,"NaN","NaN","NaN",165.91,174.2,178.56,178.96,180.46,179.47,185.73,189.81,191.84,195.13,202.42,205.04,209.33,213.11,222.19,239.87,251.76,211.6,212.88,252.2,248.45,224.78,288.2,322.74,326.31,322.59,324.2,320.3,317.79,312.65,322.34,334.59,337.02,337.1,"NaN","NaN","NaN","NaN",213.42,206.57,209.89,228.85,231.46,220.99,227.04,231.69,231.4,235.77,240.63,237.0,235.0,233.16,232.66,231.64,227.99,226.39,231.37,231.52,230.32,231.32,240.23
323.14,320.11,318.34,319.27,323.73,332.37,"NaN","NaN","NaN",179.04,188.61,191.33,"NaN","NaN","NaN",154.03,165.41,174.78,177.34,174.64,175.18,184.31,189.06,192.19,199.92,203.66,204.21,209.75,211.54,211.57,225.38,236.34,228.82,211.68,230.88,259.02,238.02,222.61,245.3,298.43,300.72,310.27,318.36,322.83,325.11,329.06,332.7,331.0,330.28,"NaN","NaN","NaN",219.75,209.97,211.17,209.65,214.87,231.98,232.74,233.55,238.24,235.5,"NaN","NaN",240.25,237.72,234.56,232.26,232.28,230.62,225.92,222.44,225.56,227.4,223.16,222.33
323.67,318.15,314.83,318.72,318.89,"NaN","NaN","NaN","NaN","NaN",194.7,184.0,175.81,"NaN",144.83,152.88,157.07,167.4,175.3,163.3,171.84,184.04,191.46,193.33,198.16,203.6,203.57,209.12,210.77,208.84,210.66,220.04,225.84,219.89,215.28,222.14,259.7,215.9,222.68,206.41,253.89,295.75,303.16,314.75,319.06,320.08,317.35,311.09,311.46,"NaN","NaN",254.0,233.28,220.49,213.24,209.65,217.31,226.55,243.26,249.74,250.03,246.43,"NaN","NaN","NaN",241.74,237.36,235.83,232.61,229.94,228.07,221.43,218.27,222.56,220.37,215.2
323.12,318.59,313.64,318.67,318.39,"NaN","NaN","NaN","NaN","NaN","NaN",183.47,178.37,195.41,213.6,154.52,157.64,164.9,171.48,165.86,173.76,184.76,193.29,196.62,201.75,204.68,205.66,211.61,216.58,213.64,208.83,209.54,218.43,214.14,212.61,218.1,227.83,217.31,221.48,210.15,205.96,225.05,257.18,279.08,295.88,296.82,297.32,301.9,307.34,"NaN","NaN",302.39,257.05,227.21,224.63,210.61,226.6,244.24,264.31,270.19,268.72,260.8,"NaN","NaN","NaN","NaN",245.27,240.44,236.44,231.51,228.54,223.51,215.9,215.03,215.59,212.44
318.9,317.25,315.43,319.3,316.46,"NaN","NaN","NaN","NaN","NaN","NaN","NaN",181.54,191.66,181.53,159.31,162.65,170.22,177.59,171.4,182.35,191.55,196.97,200.55,203.38,204.57,209.09,210.82,215.7,220.56,220.45,214.68,210.75,210.47,214.73,212.84,212.71,227.3,209.52,214.48,195.38,202.78,228.54,244.55,265.72,279.12,293.29,307.93,309.75,"NaN","NaN",288.78,258.6,232.32,227.29,212.91,216.64,247.98,266.48,284.41,"NaN","NaN","NaN","NaN","NaN","NaN","NaN","NaN",246.82,240.54,232.71,225.44,216.99,214.17,212.11,210.71
315.04,315.18,318.45,318.1,"NaN","NaN","NaN","NaN","NaN","NaN","NaN","NaN",173.95,175.89,168.25,160.58,155.93,187.26,187.25,183.59,190.24,201.51,203.33,207.2,206.09,207.93,208.67,211.55,214.68,218.45,221.23,218.31,216.53,213.09,212.42,215.71,212.56,216.1,222.06,214.01,195.35,196.03,218.72,233.56,249.3,271.03,283.96,292.56,300.78,307.16,"NaN","NaN",258.66,233.37,229.29,212.47,204.18,232.47,259.03,"NaN","NaN","NaN","NaN","NaN","NaN","NaN","NaN","NaN","NaN",248.99,238.77,229.33,220.83,212.55,209.15,208.16
313.08,314.82,322.53,324.11,"NaN","NaN","NaN","NaN","NaN","NaN","NaN","NaN",165.62,172.71,167.61,161.04,174.63,197.64,202.93,200.18,200.25,203.41,207.43,210.33,214.64,213.6,212.27,212.17,214.22,218.14,219.45,216.53,216.43,213.5,215.31,217.55,217.04,213.47,214.58,212.25,203.81,197.77,215.75,225.49,239.79,261.07,279.09,287.73,293.25,300.2,"NaN","NaN",267.59,237.21,232.98,220.84,206.67,228.54,"NaN","NaN","NaN","NaN","NaN","NaN","NaN","NaN","NaN","NaN","NaN","NaN","NaN",222.97,218.79,214.52,210.74,208.99
309.28,316.7,328.92,"NaN","NaN","NaN","NaN","NaN","NaN","NaN","NaN","NaN",153.32,162.11,161.91,168.07,189.54,202.45,212.4,208.21,212.87,211.69,210.94,213.11,216.73,217.4,216.29,214.88,215.13,213.96,216.99,219.49,217.38,212.9,210.57,215.23,212.01,220.77,225.41,209.87,205.55,207.38,215.32,224.63,235.75,255.37,262.3,277.54,291.89,307.28,"NaN","NaN",245.48,225.15,226.9,218.73,198.82,184.81,"NaN","NaN","NaN","NaN","NaN","NaN","NaN","NaN","NaN","NaN","NaN","NaN","NaN",207.39,209.96,211.87,210.09,208.86
307.34,322.01,"NaN","NaN","NaN","NaN","NaN","NaN","NaN","NaN","NaN","NaN","NaN",163.31,170.98,171.1,193.38,199.73,212.25,218.3,218.5,216.78,215.17,218.53,221.43,222.59,222.01,221.51,222.28,221.15,216.3,213.32,215.66,215.93,210.42,207.6,212.07,213.76,227.83,240.96,206.97,203.66,217.0,236.72,251.48,269.44,271.73,283.3,293.97,"NaN","NaN","NaN","NaN",204.74,209.73,211.47,"NaN","NaN","NaN","NaN","NaN","NaN","NaN","NaN","NaN","NaN","NaN","NaN","NaN","NaN","NaN",205.75,202.84,206.69,206.94,208.26
309.7,320.73,"NaN","NaN","NaN","NaN","NaN","NaN","NaN","NaN","NaN","NaN","NaN",171.87,182.17,177.31,189.19,197.42,211.09,222.33,220.48,220.89,221.77,223.79,223.28,225.29,225.95,226.56,225.06,225.33,225.17,219.97,212.73,210.75,210.34,208.33,204.94,211.67,213.95,225.73,207.71,204.73,205.74,219.14,248.9,258.45,269.1,287.46,302.87,326.69,"NaN","NaN","NaN",200.65,"NaN","NaN","NaN","NaN","NaN","NaN","NaN","NaN","NaN","NaN","NaN","NaN","NaN","NaN","NaN","NaN","NaN",212.22,197.41,205.77,205.9,205.69
308.16,322.71,"NaN","NaN","NaN","NaN","NaN","NaN","NaN","NaN","NaN","NaN","NaN",177.26,178.83,187.13,187.91,198.25,201.29,223.52,220.62,227.26,224.89,225.01,225.61,225.22,225.17,225.06,227.12,224.09,226.29,227.2,219.45,215.18,211.48,205.39,207.36,206.57,209.21,217.59,205.08,203.94,209.49,216.78,233.6,246.08,260.59,274.37,304.04,"NaN","NaN","NaN","NaN","NaN","NaN","NaN","NaN","NaN","NaN","NaN","NaN","NaN","NaN","NaN","NaN","NaN","NaN","NaN","NaN","NaN","NaN",213.4,196.66,201.87,205.55,204.85
295.16,"NaN","NaN","NaN","NaN","NaN","NaN","NaN","NaN","NaN","NaN","NaN","NaN",192.0,177.11,189.94,204.84,204.21,208.45,212.76,235.39,225.62,227.0,230.59,230.1,228.83,227.22,226.63,226.89,228.09,225.86,227.03,222.25,217.92,215.26,207.56,205.8,207.69,206.36,212.3,223.86,209.44,215.78,226.68,238.34,249.05,249.74,272.3,325.94,"NaN","NaN","NaN","NaN","NaN","NaN","NaN","NaN","NaN","NaN","NaN","NaN","NaN","NaN","NaN","NaN","NaN","NaN","NaN","NaN","NaN","NaN",206.26,197.62,197.85,200.72,204.14
282.44,"NaN","NaN","NaN","NaN","NaN","NaN","NaN","NaN","NaN","NaN","NaN","NaN",203.22,194.06,192.51,196.92,211.81,219.59,222.31,225.97,239.63,238.52,228.49,228.04,230.28,232.77,230.4,223.95,223.77,227.03,229.17,227.51,220.87,213.84,209.15,205.04,206.91,205.33,205.91,219.58,226.99,214.94,226.34,232.35,243.74,234.11,233.98,"NaN","NaN","NaN","NaN","NaN","NaN","NaN","NaN","NaN","NaN","NaN","NaN","NaN","NaN","NaN","NaN","NaN","NaN","NaN","NaN","NaN","NaN","NaN",195.49,192.59,191.77,197.84,201.05
289.98,"NaN","NaN","NaN","NaN","NaN","NaN","NaN","NaN","NaN","NaN","NaN","NaN",200.2,208.29,214.56,223.16,213.6,223.04,228.19,234.11,227.56,235.19,240.89,236.51,230.4,228.73,234.35,227.0,217.18,223.68,225.31,230.72,227.79,219.49,211.27,208.01,204.91,203.87,204.36,206.77,220.35,216.95,224.21,241.47,247.23,250.11,207.86,"NaN","NaN","NaN","NaN","NaN","NaN","NaN","NaN","NaN","NaN","NaN","NaN","NaN","NaN","NaN","NaN","NaN","NaN","NaN","NaN","NaN","NaN",247.44,194.57,184.18,187.81,194.13,195.55
"NaN","NaN","NaN","NaN","NaN","NaN","NaN","NaN","NaN","NaN","NaN","NaN","NaN",181.64,210.89,241.34,231.54,239.7,238.59,238.78,237.85,242.06,239.12,236.26,234.93,234.38,231.5,234.39,235.41,227.54,221.03,220.79,224.73,228.61,222.05,217.69,212.27,207.9,206.6,201.24,203.3,207.38,215.18,218.67,223.15,241.21,253.98,191.23,"NaN","NaN","NaN","NaN","NaN","NaN","NaN","NaN","NaN","NaN","NaN","NaN","NaN","NaN","NaN","NaN","NaN","NaN","NaN","NaN","NaN","NaN",250.05,182.19,183.34,185.31,191.23,191.77
"NaN","NaN","NaN","NaN","NaN","NaN","NaN","NaN","NaN","NaN","NaN","NaN","NaN","NaN","NaN",247.86,247.8,248.16,242.64,245.46,244.04,247.77,246.54,242.53,238.52,238.89,236.71,233.75,239.32,235.92,229.2,225.2,218.2,222.11,225.1,219.77,212.02,215.53,209.03,208.54,203.85,"NaN","NaN","NaN",226.09,231.08,210.2,207.49,"NaN","NaN","NaN","NaN","NaN","NaN","NaN","NaN","NaN","NaN","NaN","NaN","NaN","NaN","NaN","NaN","NaN","NaN","NaN","NaN","NaN",229.54,182.87,178.64,182.37,182.71,191.04,194.38
"NaN","NaN","NaN","NaN","NaN","NaN","NaN","NaN","NaN","NaN","NaN","NaN","NaN","NaN","NaN","NaN","NaN",267.93,259.88,254.97,248.69,247.51,249.17,249.4,246.12,243.03,238.18,237.07,238.1,239.48,236.8,231.07,226.99,218.77,224.29,219.53,216.17,208.39,214.29,210.93,206.22,"NaN","NaN","NaN","NaN",220.94,216.35,"NaN","NaN","NaN","NaN","NaN","NaN","NaN","NaN","NaN","NaN","NaN","NaN","NaN","NaN","NaN","NaN","NaN","NaN","NaN","NaN","NaN",243.26,172.93,175.93,179.51,181.43,180.65,194.03,197.59
"NaN","NaN","NaN","NaN","NaN","NaN","NaN","NaN","NaN","NaN","NaN","NaN","NaN","NaN","NaN","NaN","NaN",265.54,265.07,293.98,278.94,255.34,253.33,254.37,251.4,258.01,265.44,258.38,243.67,242.1,241.37,237.3,237.07,222.26,221.27,221.38,213.08,212.29,209.55,207.68,204.18,"NaN","NaN","NaN","NaN","NaN","NaN","NaN","NaN","NaN","NaN","NaN","NaN","NaN","NaN","NaN","NaN","NaN","NaN","NaN","NaN","NaN","NaN","NaN","NaN","NaN","NaN",212.3,184.65,181.17,173.77,176.23,183.15,190.45,194.07,199.21
"NaN","NaN","NaN","NaN","NaN","NaN","NaN","NaN","NaN","NaN","NaN","NaN","NaN","NaN","NaN","NaN","NaN","NaN","NaN",294.87,299.14,296.89,280.75,285.19,286.3,265.48,261.66,259.97,260.18,252.05,241.96,239.19,234.52,229.67,220.56,216.63,212.48,208.51,207.42,202.94,203.17,177.87,"NaN","NaN","NaN","NaN","NaN","NaN","NaN","NaN","NaN","NaN","NaN","NaN","NaN","NaN","NaN","NaN","NaN","NaN","NaN","NaN","NaN","NaN","NaN","NaN",210.58,214.9,201.07,192.86,189.78,189.77,193.45,196.65,200.32,197.46
"NaN","NaN","NaN","NaN","NaN","NaN","NaN","NaN","NaN","NaN","NaN","NaN","NaN","NaN","NaN","NaN","NaN","NaN","NaN","NaN",328.55,322.07,301.82,295.92,304.08,296.97,282.68,270.94,263.49,256.26,248.76,242.05,235.5,228.42,222.08,214.46,212.34,208.78,203.77,198.78,199.73,"NaN","NaN","NaN","NaN","NaN","NaN","NaN","NaN","NaN","NaN","NaN","NaN","NaN","NaN","NaN","NaN","NaN","NaN","NaN","NaN","NaN","NaN","NaN","NaN",230.0,206.3,209.76,208.78,208.28,195.0,202.36,207.95,201.69,203.26,203.32
"NaN","NaN","NaN","NaN","NaN","NaN","NaN","NaN","NaN","NaN","NaN","NaN","NaN","NaN","NaN","NaN","NaN","NaN","NaN","NaN","NaN",266.54,257.7,276.94,291.18,296.13,289.82,288.27,279.32,269.64,253.12,246.34,240.24,225.99,229.75,221.45,212.02,208.04,199.71,201.94,186.11,"NaN","NaN","NaN","NaN","NaN","NaN","NaN","NaN","NaN","NaN","NaN","NaN","NaN","NaN","NaN","NaN","NaN","NaN","NaN","NaN","NaN","NaN","NaN",240.72,222.97,209.76,213.82,211.38,181.58,"NaN","NaN","NaN",212.79,208.53,208.01
"NaN","NaN","NaN","NaN","NaN","NaN","NaN","NaN","NaN","NaN","NaN","NaN","NaN","NaN","NaN","NaN","NaN","NaN","NaN","NaN","NaN","NaN",229.27,240.38,259.75,271.11,275.28,274.42,269.13,262.2,260.12,256.72,239.43,231.8,231.71,224.87,215.25,203.3,195.26,189.64,"NaN","NaN","NaN","NaN","NaN","NaN","NaN","NaN","NaN","NaN","NaN","NaN","NaN","NaN","NaN","NaN","NaN","NaN","NaN","NaN","NaN","NaN","NaN","NaN",246.71,241.46,215.65,211.67,211.54,175.58,"NaN","NaN","NaN","NaN",217.79,218.65
"NaN","NaN","NaN","NaN","NaN","NaN","NaN","NaN","NaN","NaN","NaN","NaN","NaN","NaN","NaN","NaN","NaN","NaN","NaN","NaN","NaN","NaN","NaN",257.96,254.22,259.51,270.98,272.51,269.88,265.68,258.77,249.8,243.92,239.13,238.64,216.83,208.44,200.73,191.14,170.26,"NaN","NaN","NaN","NaN","NaN","NaN","NaN","NaN","NaN","NaN","NaN","NaN","NaN","NaN","NaN","NaN","NaN","NaN","NaN","NaN","NaN","NaN","NaN","NaN",237.51,225.26,211.37,204.76,208.61,199.86,"NaN","NaN","NaN","NaN",236.02,221.03
"NaN","NaN","NaN","NaN","NaN","NaN","NaN","NaN","NaN","NaN","NaN","NaN","NaN","NaN","NaN","NaN","NaN","NaN","NaN","NaN","NaN","NaN","NaN","NaN","NaN",283.31,279.0,274.27,269.41,264.74,260.06,249.71,240.47,230.59,223.71,217.38,200.09,192.26,179.75,"NaN","NaN","NaN","NaN","NaN","NaN","NaN","NaN","NaN","NaN","NaN","NaN","NaN","NaN","NaN","NaN","NaN","NaN","NaN","NaN","NaN","NaN","NaN","NaN","NaN","NaN",203.41,207.92,208.93,208.84,205.83,212.23,212.61,"NaN","NaN",334.41,265.35
"NaN","NaN","NaN","NaN","NaN","NaN","NaN","NaN","NaN","NaN","NaN","NaN","NaN","NaN","NaN","NaN","NaN","NaN","NaN","NaN","NaN","NaN","NaN","NaN","NaN","NaN",268.45,267.55,262.82,256.7,247.31,249.2,242.69,229.25,216.69,208.23,190.11,177.5,"NaN","NaN","NaN","NaN","NaN","NaN","NaN","NaN","NaN","NaN","NaN","NaN","NaN","NaN","NaN","NaN","NaN","NaN","NaN","NaN","NaN","NaN","NaN","NaN","NaN","NaN","NaN","NaN",213.3,209.22,211.19,214.3,218.05,224.73,"NaN",236.69,282.18,287.11
