wave.json
{"header": {"discipline":10,"disciplineName":"Oceanographic products","gribEdition":2,"gribLength":7721,"center":7,"centerName":"US National Weather Service - NCEP(WMC)","subcenter":0,"refTime":"2020-08-25T18:00:00.000Z","significanceOfRT":1,"significanceOfRTName":"Start of forecast","productStatus":0,"productStatusName":"Operational products","productType":1,"productTypeName":"Forecast products","productDefinitionTemplate":0,"productDefinitionTemplateName":"Analysis/forecast at horizontal level/layer at a point in time","parameterCategory":0,"parameterCategoryName":"Waves","parameterNumber":3,"parameterNumberName":"Significant_height_of_combined_wind_waves_and_swell","parameterUnit":"m","genProcessType":2,"genProcessTypeName":"Forecast","forecastTime":0,"surface1Type":1,"surface1TypeName":"Ground or water surface","surface1Value":1.0,"surface2Type":255,"surface2TypeName":"Missing","surface2Value":0.0,"gridDefinitionTemplate":0,"gridDefinitionTemplateName":"Latitude_Longitude","numberPoints":12300,"shape":6,"shapeName":"Earth spherical with radius of 6,371,229.0 m","gridUnits":"degrees","resolution":48,"winds":"true","scanMode":64,"nx":123,"ny":100,"basicAngle":0,"subDivisions":0,"lo1":74.0,"la1":4.0,"lo2":135.0,"la2":53.5,"dx":0.5,"dy":0.5}, "data":
[rows 0 to 34 of 100, columns 0 to 77 of 123]
1.69,1.57,1.63,1.61,1.61,1.6,1.6,1.6,1.6,1.59,1.59,1.59,1.59,1.58,1.58,1.57,1.56,1.55,1.54,1.52,1.5,1.49,1.47,1.45,1.44,1.44,1.43,1.42,1.41,1.41,1.4,1.4,1.39,1.39,1.39,1.39,1.39,1.41,1.4,1.38,1.37,1.32,1.26,1.21,0.96,"NaN","NaN","NaN","NaN","NaN",0.46,0.51,0.45,0.38,"NaN","NaN","NaN","NaN","NaN",0.24,0.28,0.2,0.15,0.12,0.09,0.09,0.1,0.09,0.07,0.08,0.07,0.08,0.08,0.15,0.19,0.26,0.33,0.45
1.69,1.57,1.63,1.6,1.6,1.59,1.58,1.59,1.59,1.59,1.59,1.59,1.59,1.59,1.58,1.57,1.56,1.54,1.52,1.5,1.48,1.46,1.45,1.43,1.42,1.4,1.39,1.39,1.38,1.38,1.37,1.37,1.36,1.36,1.36,1.36,1.37,1.36,1.36,1.34,1.33,1.3,1.22,1.14,"NaN","NaN","NaN","NaN","NaN",0.4,0.47,0.49,0.43,0.22,"NaN","NaN","NaN","NaN","NaN",0.19,0.31,0.21,0.14,0.12,0.11,0.1,0.12,0.11,0.09,0.09,0.08,0.08,0.09,0.13,0.14,0.19,0.24,0.28
1.65,1.54,1.62,1.6,1.58,1.57,1.58,1.59,1.6,1.6,1.6,1.6,1.6,1.6,1.58,1.57,1.55,1.51,1.49,1.47,1.45,1.44,1.42,1.41,1.39,1.38,1.37,1.36,1.36,1.35,1.35,1.35,1.34,1.34,1.34,1.34,1.34,1.34,1.33,1.31,1.3,1.26,1.24,"NaN","NaN","NaN","NaN","NaN",0.35,0.42,0.42,0.42,0.36,"NaN","NaN","NaN","NaN","NaN","NaN",0.38,0.3,0.23,0.16,0.13,0.11,0.11,0.12,0.11,0.1,0.1,0.09,0.08,0.08,0.08,0.1,0.15,0.17,0.23
1.51,1.45,1.58,1.6,1.61,1.61,1.61,1.61,1.62,1.63,1.62,1.63,1.63,1.55,1.55,1.55,1.51,1.48,1.46,1.44,1.43,1.42,1.4,1.39,1.37,1.36,1.35,1.35,1.34,1.34,1.33,1.33,1.33,1.32,1.32,1.32,1.32,1.31,1.31,1.29,1.29,1.22,1.15,"NaN",0.12,0.13,0.19,0.25,0.31,0.31,0.25,0.21,0.16,"NaN","NaN","NaN","NaN","NaN",0.22,0.46,0.33,0.28,0.22,0.16,0.14,0.14,0.12,0.12,0.12,0.1,0.1,0.09,0.09,0.08,0.13,0.14,0.15,0.18
1.51,1.46,1.6,1.64,1.66,1.67,1.67,1.66,1.66,1.66,1.64,1.62,1.42,"NaN",1.41,1.55,1.6,1.49,1.45,1.43,1.42,1.41,1.39,1.38,1.36,1.35,1.34,1.34,1.33,1.33,1.33,1.32,1.32,1.31,1.31,1.31,1.3,1.3,1.29,1.28,1.25,1.23,1.05,0.47,0.18,0.16,0.19,0.22,0.23,0.23,0.19,0.14,0.09,"NaN","NaN","NaN","NaN",0.21,0.42,0.43,0.34,0.3,0.25,0.22,0.18,0.16,0.16,0.13,0.12,0.11,0.1,0.1,0.09,0.09,0.12,0.14,0.15,0.18
1.54,1.53,1.64,1.68,1.72,1.74,1.75,1.74,1.72,1.68,1.63,1.49,"NaN","NaN","NaN","NaN",1.54,1.48,1.46,1.43,1.42,1.41,1.39,1.38,1.36,1.35,1.34,1.33,1.33,1.33,1.32,1.32,1.31,1.31,1.3,1.3,1.29,1.29,1.28,1.25,1.26,1.2,1.07,0.76,0.43,0.26,0.21,0.21,0.21,0.21,0.18,0.07,"NaN","NaN","NaN","NaN",0.18,0.29,0.33,0.34,0.3,0.27,0.25,0.23,0.22,0.22,0.2,0.18,0.16,0.15,0.13,0.11,0.11,0.11,0.13,0.14,0.16,0.17
1.65,1.68,1.72,1.74,1.77,1.8,1.82,1.82,1.77,1.68,1.56,1.35,"NaN","NaN","NaN","NaN",1.34,1.41,1.44,1.42,1.41,1.4,1.39,1.38,1.36,1.35,1.34,1.34,1.34,1.33,1.32,1.32,1.31,1.31,1.3,1.3,1.29,1.27,1.28,1.16,0.95,0.96,1.01,0.9,0.67,0.46,0.32,0.25,0.23,0.2,0.2,0.1,"NaN","NaN",0.05,0.11,0.18,0.24,0.27,0.28,0.26,0.24,0.24,0.24,0.25,0.26,0.26,0.24,0.21,0.19,0.19,0.18,0.16,0.14,0.14,0.15,0.16,0.18
1.75,1.77,1.78,1.8,1.81,1.84,1.84,1.82,1.77,1.63,1.45,1.25,"NaN","NaN","NaN","NaN",1.24,1.29,1.37,1.4,1.41,1.4,1.39,1.38,1.36,1.35,1.34,1.33,1.33,1.33,1.32,1.32,1.31,1.31,1.3,1.3,1.29,1.23,1.27,1.07,0.8,0.86,0.94,0.92,0.8,0.63,0.47,0.35,0.28,0.22,0.21,"NaN","NaN",0.05,0.08,0.13,0.18,0.22,0.24,0.25,0.25,0.25,0.25,0.26,0.29,0.3,0.3,0.32,0.31,0.29,0.27,0.24,0.21,0.19,0.19,0.18,0.18,0.19
1.78,1.8,1.81,1.82,1.82,1.79,1.74,1.72,1.75,1.65,1.4,1.15,"NaN","NaN","NaN","NaN",1.07,1.21,1.34,1.38,1.4,1.4,1.39,1.38,1.37,1.35,1.34,1.34,1.33,1.33,1.33,1.32,1.32,1.31,1.31,1.3,1.28,1.25,1.17,0.5,0.58,0.76,0.87,0.91,0.86,0.74,0.6,0.47,0.38,0.22,"NaN","NaN","NaN",0.06,0.09,0.13,0.18,0.22,0.25,0.26,0.26,0.27,0.29,0.3,0.34,0.37,0.39,0.41,0.42,0.4,0.37,0.34,0.3,0.29,0.26,0.23,0.21,0.21
1.85,1.85,1.84,1.82,1.79,1.62,"NaN","NaN","NaN",1.24,1.27,1.13,"NaN","NaN","NaN",0.52,1.04,1.18,1.31,1.35,1.38,1.39,1.38,1.37,1.37,1.36,1.35,1.34,1.34,1.34,1.34,1.33,1.32,1.32,1.32,1.31,1.26,1.27,1.03,0.4,0.49,0.65,0.8,0.87,0.87,0.81,0.71,0.58,0.41,"NaN","NaN","NaN","NaN",0.06,0.11,0.14,0.18,0.22,0.26,0.28,0.3,0.31,0.29,0.38,0.44,0.46,0.5,0.5,0.54,0.53,0.51,0.46,0.41,0.39,0.36,0.32,0.28,0.24
1.81,1.82,1.8,1.77,1.66,1.04,"NaN","NaN","NaN",1.01,1.06,1.03,"NaN","NaN","NaN",0.64,1.01,1.14,1.26,1.31,1.35,1.36,1.37,1.36,1.36,1.36,1.35,1.35,1.35,1.35,1.35,1.35,1.34,1.33,1.32,1.32,1.24,1.27,0.99,0.54,0.51,0.6,0.73,0.82,0.86,0.84,0.77,0.67,0.36,"NaN","NaN","NaN",0.06,0.11,0.12,0.14,0.17,0.22,0.25,0.3,0.34,0.33,"NaN","NaN",0.39,0.45,0.62,0.65,0.67,0.65,0.62,0.59,0.55,0.53,0.49,0.43,0.37,0.32
1.78,1.78,1.76,1.68,1.5,"NaN","NaN","NaN","NaN","NaN",0.45,0.73,0.33,"NaN",0.4,0.76,0.99,1.11,1.23,1.27,1.31,1.34,1.36,1.37,1.37,1.37,1.37,1.38,1.38,1.38,1.37,1.36,1.35,1.34,1.34,1.33,1.26,1.21,1.06,0.77,0.62,0.6,0.68,0.77,0.83,0.84,0.81,0.71,0.38,"NaN","NaN",0.11,0.08,0.12,0.13,0.14,0.19,0.2,0.22,0.23,0.28,0.27,"NaN","NaN","NaN",0.42,0.76,0.79,0.81,0.79,0.8,0.77,0.73,0.69,0.63,0.56,0.49,0.42
1.88,1.81,1.77,1.62,1.25,"NaN","NaN","NaN","NaN","NaN","NaN",0.55,0.6,0.62,0.62,0.83,1.0,1.1,1.18,1.24,1.29,1.32,1.35,1.37,1.38,1.38,1.39,1.39,1.39,1.39,1.39,1.38,1.37,1.36,1.35,1.34,1.27,1.24,1.11,0.91,0.75,0.67,0.68,0.73,0.79,0.84,0.81,0.74,0.4,"NaN","NaN",0.2,0.15,0.17,0.18,0.18,0.17,0.17,0.19,0.2,0.23,0.27,"NaN","NaN","NaN","NaN",0.69,0.87,0.95,0.93,0.93,0.91,0.89,0.86,0.78,0.69,0.61,0.54
1.7,1.66,1.65,1.53,1.01,"NaN","NaN","NaN","NaN","NaN","NaN","NaN",0.39,0.57,0.71,0.88,1.02,1.1,1.16,1.21,1.26,1.3,1.34,1.37,1.38,1.4,1.41,1.41,1.41,1.41,1.41,1.4,1.4,1.39,1.38,1.34,1.3,1.15,1.07,0.96,0.85,0.75,0.71,0.73,0.78,0.81,0.84,0.71,0.21,"NaN","NaN",0.34,0.31,0.23,0.23,0.19,0.17,0.17,0.14,0.12,"NaN","NaN","NaN","NaN","NaN","NaN","NaN","NaN",0.86,1.04,1.09,1.12,1.06,0.99,0.89,0.8,0.74,0.66
1.62,1.61,1.59,1.4,"NaN","NaN","NaN","NaN","NaN","NaN","NaN","NaN",0.42,0.61,0.78,0.92,1.04,1.11,1.16,1.2,1.24,1.28,1.33,1.36,1.4,1.42,1.43,1.43,1.44,1.44,1.44,1.43,1.42,1.41,1.38,1.39,1.32,0.83,0.95,0.95,0.9,0.82,0.77,0.75,0.77,0.79,0.81,0.72,0.45,0.25,"NaN","NaN",0.28,0.3,0.29,0.23,0.19,0.16,0.12,"NaN","NaN","NaN","NaN","NaN","NaN","NaN","NaN","NaN","NaN",0.72,1.05,1.12,1.13,1.1,1.03,0.95,0.88,0.81
1.78,1.72,1.66,1.2,"NaN","NaN","NaN","NaN","NaN","NaN","NaN","NaN",0.56,0.7,0.84,0.96,1.06,1.13,1.17,1.21,1.24,1.29,1.33,1.37,1.41,1.43,1.46,1.47,1.48,1.48,1.48,1.47,1.46,1.45,1.4,1.38,1.36,0.75,0.79,0.87,0.89,0.87,0.82,0.79,0.79,0.79,0.82,0.6,0.31,0.21,"NaN","NaN",0.27,0.33,0.3,0.26,0.21,0.16,"NaN","NaN","NaN","NaN","NaN","NaN","NaN","NaN","NaN","NaN","NaN","NaN","NaN",1.19,1.23,1.18,1.14,1.08,1.0,0.92
1.9,1.82,1.51,"NaN","NaN","NaN","NaN","NaN","NaN","NaN","NaN","NaN",0.66,0.77,0.89,0.99,1.09,1.15,1.19,1.21,1.25,1.29,1.33,1.38,1.43,1.47,1.5,1.52,1.54,1.54,1.53,1.52,1.51,1.5,1.45,1.38,1.39,0.79,0.53,0.71,0.83,0.87,0.87,0.84,0.83,0.81,0.84,0.49,0.16,0.18,"NaN","NaN",0.24,0.36,0.33,0.29,0.25,0.13,"NaN","NaN","NaN","NaN","NaN","NaN","NaN","NaN","NaN","NaN","NaN","NaN","NaN",1.09,1.36,1.32,1.23,1.17,1.13,1.05
1.88,1.78,"NaN","NaN","NaN","NaN","NaN","NaN","NaN","NaN","NaN","NaN","NaN",0.82,0.94,1.04,1.12,1.16,1.2,1.22,1.26,1.31,1.34,1.4,1.44,1.49,1.53,1.56,1.57,1.58,1.59,1.59,1.58,1.55,1.51,1.43,1.39,1.04,0.65,0.56,0.74,0.84,0.88,0.89,0.88,0.84,0.88,0.56,0.23,"NaN","NaN","NaN","NaN",0.48,0.41,0.27,"NaN","NaN","NaN","NaN","NaN","NaN","NaN","NaN","NaN","NaN","NaN","NaN","NaN","NaN","NaN",0.88,1.35,1.39,1.32,1.25,1.19,1.11
1.9,1.61,"NaN","NaN","NaN","NaN","NaN","NaN","NaN","NaN","NaN","NaN","NaN",0.9,0.98,1.08,1.14,1.17,1.19,1.22,1.26,1.31,1.34,1.4,1.47,1.52,1.57,1.6,1.63,1.65,1.66,1.66,1.65,1.62,1.58,1.51,1.45,1.23,0.74,0.49,0.64,0.8,0.9,0.93,0.94,0.89,0.87,0.72,0.55,0.27,"NaN","NaN","NaN",0.47,"NaN","NaN","NaN","NaN","NaN","NaN","NaN","NaN","NaN","NaN","NaN","NaN","NaN","NaN","NaN","NaN","NaN",0.7,1.23,1.41,1.4,1.38,1.3,1.22
1.86,1.42,"NaN","NaN","NaN","NaN","NaN","NaN","NaN","NaN","NaN","NaN","NaN",0.9,0.98,1.07,1.13,1.16,1.19,1.22,1.27,1.31,1.35,1.42,1.49,1.55,1.6,1.65,1.69,1.7,1.72,1.72,1.71,1.68,1.65,1.6,1.51,1.37,0.83,0.62,0.67,0.8,0.91,0.97,0.99,0.95,0.86,0.79,0.56,"NaN","NaN","NaN","NaN","NaN","NaN","NaN","NaN","NaN","NaN","NaN","NaN","NaN","NaN","NaN","NaN","NaN","NaN","NaN","NaN","NaN","NaN",0.92,1.34,1.53,1.52,1.45,1.38,1.32
1.83,"NaN","NaN","NaN","NaN","NaN","NaN","NaN","NaN","NaN","NaN","NaN","NaN",0.85,0.97,1.06,1.1,1.14,1.18,1.24,1.3,1.34,1.38,1.43,1.49,1.55,1.6,1.65,1.68,1.72,1.74,1.79,1.76,1.73,1.72,1.69,1.6,1.54,1.16,0.89,0.84,0.88,0.96,1.01,1.03,0.99,0.88,0.78,0.48,"NaN","NaN","NaN","NaN","NaN","NaN","NaN","NaN","NaN","NaN","NaN","NaN","NaN","NaN","NaN","NaN","NaN","NaN","NaN","NaN","NaN","NaN",1.01,1.44,1.57,1.54,1.48,1.44,1.38
1.72,"NaN","NaN","NaN","NaN","NaN","NaN","NaN","NaN","NaN","NaN","NaN","NaN",0.84,0.95,1.03,1.08,1.13,1.19,1.25,1.33,1.39,1.42,1.47,1.51,1.55,1.6,1.65,1.69,1.71,1.77,1.78,1.79,1.79,1.8,1.79,1.71,1.63,1.4,1.21,1.04,0.97,0.99,1.0,1.02,1.0,0.9,0.75,"NaN","NaN","NaN","NaN","NaN","NaN","NaN","NaN","NaN","NaN","NaN","NaN","NaN","NaN","NaN","NaN","NaN","NaN","NaN","NaN","NaN","NaN","NaN",1.24,1.47,1.52,1.51,1.48,1.45,1.37
1.47,"NaN","NaN","NaN","NaN","NaN","NaN","NaN","NaN","NaN","NaN","NaN","NaN",0.85,0.94,1.02,1.07,1.13,1.21,1.28,1.35,1.4,1.46,1.49,1.53,1.57,1.61,1.67,1.69,1.72,1.77,1.8,1.83,1.85,1.86,1.87,1.84,1.75,1.66,1.45,1.22,1.09,0.99,0.96,0.93,0.9,0.81,0.62,"NaN","NaN","NaN","NaN","NaN","NaN","NaN","NaN","NaN","NaN","NaN","NaN","NaN","NaN","NaN","NaN","NaN","NaN","NaN","NaN","NaN","NaN",0.56,1.28,1.46,1.48,1.47,1.43,1.4,1.38
"NaN","NaN","NaN","NaN","NaN","NaN","NaN","NaN","NaN","NaN","NaN","NaN","NaN",0.85,0.95,1.01,1.07,1.14,1.22,1.29,1.36,1.4,1.45,1.51,1.57,1.61,1.65,1.69,1.7,1.71,1.76,1.83,1.87,1.9,1.93,1.94,1.92,1.86,1.74,1.64,1.43,1.25,0.98,0.79,0.71,0.68,0.58,0.35,"NaN","NaN","NaN","NaN","NaN","NaN","NaN","NaN","NaN","NaN","NaN","NaN","NaN","NaN","NaN","NaN","NaN","NaN","NaN","NaN","NaN","NaN",0.67,1.24,1.4,1.37,1.35,1.37,1.38,1.36
"NaN","NaN","NaN","NaN","NaN","NaN","NaN","NaN","NaN","NaN","NaN","NaN","NaN","NaN","NaN",1.0,1.07,1.14,1.21,1.29,1.33,1.38,1.43,1.48,1.57,1.64,1.69,1.69,1.69,1.71,1.77,1.84,1.91,1.94,1.99,2.02,2.0,1.94,1.84,1.73,1.48,"NaN","NaN","NaN",0.33,0.35,0.35,0.26,"NaN","NaN","NaN","NaN","NaN","NaN","NaN","NaN","NaN","NaN","NaN","NaN","NaN","NaN","NaN","NaN","NaN","NaN","NaN","NaN","NaN",0.38,0.65,1.04,1.16,1.18,1.21,1.29,1.31,1.37
"NaN","NaN","NaN","NaN","NaN","NaN","NaN","NaN","NaN","NaN","NaN","NaN","NaN","NaN","NaN","NaN","NaN",1.11,1.2,1.27,1.3,1.36,1.41,1.47,1.54,1.62,1.68,1.71,1.73,1.76,1.8,1.88,1.95,2.01,2.08,2.12,2.08,2.02,1.94,1.83,1.57,"NaN","NaN","NaN","NaN",0.13,0.26,"NaN","NaN","NaN","NaN","NaN","NaN","NaN","NaN","NaN","NaN","NaN","NaN","NaN","NaN","NaN","NaN","NaN","NaN","NaN","NaN","NaN",0.35,0.53,0.7,0.89,1.02,1.09,1.16,1.25,1.28,1.39
"NaN","NaN","NaN","NaN","NaN","NaN","NaN","NaN","NaN","NaN","NaN","NaN","NaN","NaN","NaN","NaN","NaN",1.05,1.14,1.23,1.27,1.32,1.4,1.46,1.53,1.6,1.62,1.63,1.66,1.76,1.85,1.93,2.0,2.04,2.13,2.17,2.19,2.13,2.05,1.96,1.69,"NaN","NaN","NaN","NaN","NaN","NaN","NaN","NaN","NaN","NaN","NaN","NaN","NaN","NaN","NaN","NaN","NaN","NaN","NaN","NaN","NaN","NaN","NaN","NaN","NaN","NaN",0.57,0.68,0.72,0.82,0.92,0.99,1.06,1.16,1.25,1.33,1.36
"NaN","NaN","NaN","NaN","NaN","NaN","NaN","NaN","NaN","NaN","NaN","NaN","NaN","NaN","NaN","NaN","NaN","NaN","NaN",1.15,1.26,1.3,1.37,1.42,1.47,1.51,1.52,1.57,1.62,1.73,1.89,1.98,2.06,2.12,2.21,2.27,2.29,2.26,2.17,2.04,1.91,1.3,"NaN","NaN","NaN","NaN","NaN","NaN","NaN","NaN","NaN","NaN","NaN","NaN","NaN","NaN","NaN","NaN","NaN","NaN","NaN","NaN","NaN","NaN","NaN","NaN",0.46,0.78,0.78,0.83,0.88,0.95,1.04,1.14,1.21,1.31,1.36,1.41
"NaN","NaN","NaN","NaN","NaN","NaN","NaN","NaN","NaN","NaN","NaN","NaN","NaN","NaN","NaN","NaN","NaN","NaN","NaN","NaN",1.16,1.28,1.33,1.39,1.43,1.46,1.5,1.57,1.69,1.81,1.95,2.05,2.14,2.21,2.29,2.37,2.39,2.36,2.27,2.14,1.87,"NaN","NaN","NaN","NaN","NaN","NaN","NaN","NaN","NaN","NaN","NaN","NaN","NaN","NaN","NaN","NaN","NaN","NaN","NaN","NaN","NaN","NaN","NaN","NaN",0.32,0.71,0.97,0.94,0.95,0.91,0.98,1.06,1.14,1.24,1.31,1.36,1.42
"NaN","NaN","NaN","NaN","NaN","NaN","NaN","NaN","NaN","NaN","NaN","NaN","NaN","NaN","NaN","NaN","NaN","NaN","NaN","NaN","NaN",1.12,1.23,1.31,1.39,1.49,1.58,1.63,1.76,1.93,2.14,2.29,2.37,2.4,2.45,2.51,2.53,2.48,2.38,2.24,1.56,"NaN","NaN","NaN","NaN","NaN","NaN","NaN","NaN","NaN","NaN","NaN","NaN","NaN","NaN","NaN","NaN","NaN","NaN","NaN","NaN","NaN","NaN","NaN",0.21,0.49,0.73,0.98,0.92,0.88,"NaN","NaN","NaN",1.06,1.26,1.34,1.38,1.44
"NaN","NaN","NaN","NaN","NaN","NaN","NaN","NaN","NaN","NaN","NaN","NaN","NaN","NaN","NaN","NaN","NaN","NaN","NaN","NaN","NaN","NaN",1.15,1.27,1.35,1.5,1.68,1.85,2.02,2.25,2.41,2.47,2.55,2.65,2.68,2.65,2.65,2.58,2.42,2.13,"NaN","NaN","NaN","NaN","NaN","NaN","NaN","NaN","NaN","NaN","NaN","NaN","NaN","NaN","NaN","NaN","NaN","NaN","NaN","NaN","NaN","NaN","NaN","NaN",0.44,0.5,0.66,0.82,0.86,0.98,"NaN","NaN","NaN","NaN",1.39,1.47,1.49,1.57
"NaN","NaN","NaN","NaN","NaN","NaN","NaN","NaN","NaN","NaN","NaN","NaN","NaN","NaN","NaN","NaN","NaN","NaN","NaN","NaN","NaN","NaN","NaN",1.23,1.44,1.63,1.89,2.12,2.37,2.59,2.73,2.84,2.9,2.92,2.9,2.83,2.72,2.65,2.25,0.86,"NaN","NaN","NaN","NaN","NaN","NaN","NaN","NaN","NaN","NaN","NaN","NaN","NaN","NaN","NaN","NaN","NaN","NaN","NaN","NaN","NaN","NaN","NaN","NaN",0.49,0.58,0.59,0.74,0.85,1.05,"NaN","NaN","NaN","NaN",0.96,1.42,1.59,1.63
"NaN","NaN","NaN","NaN","NaN","NaN","NaN","NaN","NaN","NaN","NaN","NaN","NaN","NaN","NaN","NaN","NaN","NaN","NaN","NaN","NaN","NaN","NaN","NaN","NaN",1.38,1.9,2.22,2.52,2.78,3.05,3.23,3.29,3.21,3.07,2.91,2.73,2.45,1.63,"NaN","NaN","NaN","NaN","NaN","NaN","NaN","NaN","NaN","NaN","NaN","NaN","NaN","NaN","NaN","NaN","NaN","NaN","NaN","NaN","NaN","NaN","NaN","NaN","NaN","NaN",0.53,0.6,0.76,0.77,0.92,1.0,0.86,"NaN","NaN",0.58,1.08,1.34,1.51
"NaN","NaN","NaN","NaN","NaN","NaN","NaN","NaN","NaN","NaN","NaN","NaN","NaN","NaN","NaN","NaN","NaN","NaN","NaN","NaN","NaN","NaN","NaN","NaN","NaN","NaN",1.36,2.18,2.72,3.03,3.26,3.5,3.41,3.19,3.01,2.94,2.74,1.46,"NaN","NaN","NaN","NaN","NaN","NaN","NaN","NaN","NaN","NaN","NaN","NaN","NaN","NaN","NaN","NaN","NaN","NaN","NaN","NaN","NaN","NaN","NaN","NaN","NaN","NaN","NaN","NaN",0.56,0.69,0.82,0.99,1.13,1.13,"NaN",0.2,0.48,0.89,1.08,1.22
"NaN","NaN","NaN","NaN","NaN","NaN","NaN","NaN","NaN","NaN","NaN","NaN","NaN","NaN","NaN","NaN","NaN","NaN","NaN","NaN","NaN","NaN","NaN","NaN","NaN","NaN",0.74,1.96,2.6,2.96,3.1,3.24,3.57,3.22,2.88,2.88,2.53,"NaN","NaN","NaN","NaN","NaN","NaN","NaN","NaN","NaN","NaN","NaN","NaN","NaN","NaN","NaN","NaN","NaN","NaN","NaN","NaN","NaN","NaN","NaN","NaN","NaN","NaN","NaN","NaN","NaN","NaN",0.38,0.83,1.02,1.09,0.94,"NaN",0.32,0.56,0.85,0.98,1.08
