wave.json
{"header": {"discipline":10,"disciplineName":"Oceanographic products","gribEdition":2,"gribLength":7721,"center":7,"centerName":"US National Weather Service - NCEP(WMC)","subcenter":0,"refTime":"2020-08-25T18:00:00.000Z","significanceOfRT":1,"significanceOfRTName":"Start of forecast","productStatus":0,"productStatusName":"Operational products","productType":1,"productTypeName":"Forecast products","productDefinitionTemplate":0,"productDefinitionTemplateName":"Analysis/forecast at horizontal level/layer at a point in time","parameterCategory":0,"parameterCategoryName":"Waves","parameterNumber":11,"parameterNumberName":"Primary_wave_mean_period","parameterUnit":"s","genProcessType":2,"genProcessTypeName":"Forecast","forecastTime":0,"surface1Type":1,"surface1TypeName":"Ground or water surface","surface1Value":1.0,"surface2Type":255,"surface2TypeName":"Missing","surface2Value":0.0,"gridDefinitionTemplate":0,"gridDefinitionTemplateName":"Latitude_Longitude","numberPoints":12300,"shape":6,"shapeName":"Earth spherical with radius of 6,371,229.0 m","gridUnits":"degrees","resolution":48,"winds":"true","scanMode":64,"nx":123,"ny":100,"basicAngle":0,"subDivisions":0,"lo1":74.0,"la1":4.0,"lo2":135.0,"la2":53.5,"dx":0.5,"dy":0.5}, "data":
[rows 0 to 34 of 100, columns 0 to 76 of 123]
9.66,9.63,9.64,9.63,9.61,9.6,9.6,9.59,9.58,9.57,9.56,9.54,9.53,9.52,9.55,9.61,9.71,9.85,10.01,15.4,15.45,15.5,15.54,15.57,15.6,15.62,15.64,15.68,13.45,13.46,13.48,13.5,13.52,13.53,13.55,13.58,13.61,13.64,13.69,13.74,13.82,13.91,14.05,14.13,14.21,"NaN","NaN","NaN","NaN","NaN",3.34,3.4,3.35,2.99,"NaN","NaN","NaN","NaN","NaN",2.38,2.39,1.95,4.63,5.95,5.88,5.55,5.48,4.28,5.5,5.58,5.52,5.45,5.28,1.64,1.81,2.16,2.57
9.68,9.66,9.67,9.66,9.66,9.66,9.66,9.67,9.67,9.67,9.66,9.65,9.64,9.64,9.68,9.76,9.87,10.02,10.06,10.1,15.52,15.56,15.59,15.61,15.64,15.66,15.7,13.45,13.47,13.49,13.5,13.52,13.54,13.56,13.58,13.61,13.65,13.7,13.76,13.84,13.95,14.09,14.14,14.21,"NaN","NaN","NaN","NaN","NaN",2.98,3.3,3.38,3.13,3.05,"NaN","NaN","NaN","NaN","NaN",2.41,2.52,2.05,4.63,4.73,4.9,4.96,5.01,5.22,5.38,5.46,4.46,4.58,5.14,1.28,1.45,1.85,2.11
9.69,9.67,9.69,9.7,9.72,9.74,9.77,9.8,9.82,9.82,9.81,9.79,9.78,9.77,9.83,9.93,10.03,10.07,10.11,10.14,10.18,15.62,15.64,15.66,15.69,13.43,13.45,13.47,13.49,13.51,13.52,13.54,13.56,13.59,13.62,13.66,13.71,13.78,13.86,13.98,14.09,14.16,14.25,"NaN","NaN","NaN","NaN","NaN",2.97,3.01,2.94,2.91,2.48,"NaN","NaN","NaN","NaN","NaN","NaN",2.96,2.49,2.22,4.6,4.62,4.76,4.83,4.8,4.82,5.13,4.37,4.39,4.43,4.55,4.88,2.62,1.59,1.69
9.71,9.69,9.74,9.77,9.81,9.87,9.95,10.02,10.04,10.04,10.02,9.94,9.85,10.01,10.01,10.05,10.08,10.11,10.15,10.19,10.22,10.25,13.39,13.41,13.43,13.45,13.47,13.49,13.51,13.53,13.55,13.57,13.6,13.63,13.67,13.72,13.79,13.89,14.02,14.11,14.19,14.22,14.28,"NaN",2.55,2.37,2.42,2.65,2.86,2.87,3.26,3.66,3.78,"NaN","NaN","NaN","NaN","NaN",3.02,3.17,2.64,2.35,2.04,4.53,4.63,4.72,4.73,4.69,4.48,4.34,4.34,4.35,4.4,4.58,1.37,1.53,2.72
9.71,9.7,9.77,9.83,9.91,10.01,10.07,10.11,10.13,10.13,10.1,10.09,10.21,"NaN",10.09,10.15,10.17,10.17,10.2,10.24,10.28,13.37,13.4,13.42,13.44,13.46,13.48,13.5,13.53,13.55,13.57,13.6,13.64,13.68,13.74,13.81,13.91,14.04,14.13,14.2,14.24,14.28,14.34,14.4,17.77,5.36,5.46,5.53,5.59,5.65,5.8,5.9,5.8,"NaN","NaN","NaN","NaN",2.56,3.23,3.16,2.73,2.52,2.24,2.09,4.53,4.66,4.67,4.61,4.47,4.31,4.29,4.29,4.29,4.28,3.47,3.52,3.68
9.7,9.7,9.77,9.85,9.96,10.05,10.12,10.15,10.17,10.18,10.19,10.25,"NaN","NaN","NaN","NaN",10.14,10.22,10.25,10.3,13.36,13.39,13.41,13.44,13.46,13.48,13.5,13.52,13.55,13.58,13.61,13.64,13.69,13.75,13.83,13.94,14.06,14.14,14.2,14.24,14.3,14.31,14.35,14.4,14.47,17.78,17.78,5.51,5.56,5.64,5.71,5.73,"NaN","NaN","NaN","NaN",2.76,2.89,2.99,3.02,2.67,2.47,2.32,2.15,2.07,2.03,4.63,4.55,4.35,4.26,4.24,4.23,4.16,3.53,3.53,3.61,3.76
9.71,9.71,9.76,9.83,9.93,10.04,10.11,10.15,10.18,10.21,10.27,10.5,"NaN","NaN","NaN","NaN",10.1,10.22,10.28,10.35,13.38,13.41,13.43,13.45,13.48,13.5,13.52,13.55,13.58,13.61,13.65,13.7,13.77,13.85,13.97,14.09,14.16,14.21,14.27,14.29,14.31,14.34,14.37,14.41,14.46,14.52,14.6,14.69,14.78,5.6,5.63,3.17,"NaN","NaN",2.8,2.68,2.75,2.86,2.86,2.81,2.62,2.46,2.36,2.33,2.33,2.33,2.32,2.23,4.21,4.16,4.16,4.07,3.38,3.5,3.56,3.67,3.8
9.71,9.71,9.74,9.79,9.89,10.03,10.05,10.04,10.15,10.26,10.44,10.88,"NaN","NaN","NaN","NaN",10.06,10.18,10.28,10.4,13.4,13.43,13.45,13.47,13.5,13.52,13.55,13.58,13.62,13.66,13.72,13.79,13.88,14.01,14.11,14.17,14.23,14.27,14.31,14.32,14.36,14.37,14.39,14.43,14.46,14.51,14.58,14.65,14.72,14.83,1.96,"NaN","NaN",3.37,2.86,2.76,2.83,2.92,2.95,2.9,2.71,2.6,2.55,2.57,2.62,2.61,2.61,2.64,2.62,2.6,2.52,3.1,3.32,3.49,3.59,3.71,3.83
9.71,9.71,9.73,9.77,9.83,9.85,9.86,9.77,9.93,10.23,10.55,11.3,"NaN","NaN","NaN","NaN",9.21,9.22,10.27,10.44,13.41,13.44,13.47,13.49,13.52,13.55,13.59,13.62,13.67,13.73,13.81,13.91,14.05,14.13,14.19,14.24,14.28,14.31,14.34,14.37,14.38,14.4,14.42,14.45,14.48,14.52,14.58,14.64,14.74,14.89,"NaN","NaN","NaN",3.52,4.81,4.67,4.58,4.52,3.18,4.28,4.21,2.85,2.83,2.73,2.79,2.81,2.84,2.88,2.92,2.97,3.03,3.05,3.25,3.46,3.63,3.75,3.89
9.77,9.76,9.75,9.77,9.8,9.85,"NaN","NaN","NaN",10.72,10.86,13.14,"NaN","NaN","NaN",8.89,9.16,9.18,9.2,10.48,13.41,13.46,13.49,13.52,13.55,13.59,13.63,13.69,13.75,13.84,13.96,14.08,14.15,14.21,14.25,14.29,14.32,14.35,14.38,14.43,14.42,14.42,14.44,14.47,14.51,14.54,14.59,14.66,14.74,"NaN","NaN","NaN","NaN",3.75,4.79,4.76,4.68,4.6,4.5,4.29,3.96,2.87,2.65,2.92,3.05,3.13,3.22,3.24,3.31,3.38,3.43,3.43,3.46,3.53,3.7,3.81,3.96
9.79,9.78,9.77,9.8,9.85,9.63,"NaN","NaN","NaN",10.75,11.01,13.21,"NaN","NaN","NaN",8.97,9.14,9.15,9.16,9.16,13.42,13.47,13.51,13.55,13.6,13.64,13.7,13.78,13.87,14.01,14.11,14.17,14.22,14.26,14.3,14.33,14.35,14.38,14.4,14.44,14.45,14.45,14.46,14.49,14.53,14.58,14.63,14.67,14.8,"NaN","NaN","NaN",4.03,4.28,4.34,4.38,4.54,4.55,4.44,4.24,2.79,2.63,"NaN","NaN",2.82,3.01,3.55,3.68,3.73,3.74,3.68,3.63,3.71,3.82,3.89,3.98,4.07
9.84,9.81,9.81,9.76,9.77,"NaN","NaN","NaN","NaN","NaN",3.2,3.91,2.41,"NaN",8.79,9.04,9.13,9.13,9.14,9.13,9.13,13.5,13.55,13.6,13.66,13.72,13.81,13.92,14.05,14.13,14.19,14.24,14.28,14.31,14.33,14.36,14.38,14.41,14.43,14.47,14.5,14.5,14.5,14.52,14.56,14.62,14.67,14.74,14.91,"NaN","NaN",1.33,1.45,4.42,4.38,4.37,4.39,4.41,4.38,2.06,2.48,2.33,"NaN","NaN","NaN",2.95,3.98,4.05,4.1,4.06,4.11,4.09,4.14,4.21,4.24,4.26,4.27
9.93,9.91,9.92,9.84,9.74,"NaN","NaN","NaN","NaN","NaN","NaN",3.48,3.62,3.41,8.96,9.08,9.12,9.13,9.13,9.12,9.11,13.53,13.59,13.66,13.74,13.84,13.97,14.09,14.15,14.21,14.25,14.29,14.32,14.34,14.36,14.39,14.41,14.43,14.46,14.49,14.53,14.54,14.54,14.56,14.6,14.66,14.72,14.82,15.04,"NaN","NaN",1.89,4.58,4.55,4.5,4.48,4.46,4.41,4.28,2.08,2.16,2.28,"NaN","NaN","NaN","NaN",3.82,4.27,4.48,4.41,4.35,4.29,4.31,4.39,4.48,4.47,4.46
9.89,9.87,9.83,9.86,9.68,"NaN","NaN","NaN","NaN","NaN","NaN","NaN",8.65,8.86,9.04,9.11,9.13,9.13,9.13,9.12,9.11,13.57,13.66,13.76,13.88,14.03,14.12,14.18,14.23,14.27,14.3,14.33,14.35,14.37,14.39,14.41,14.44,14.46,14.48,14.52,14.56,14.59,14.61,14.62,14.66,14.74,14.79,14.9,15.09,"NaN","NaN",2.46,2.33,4.62,4.58,4.56,4.52,4.47,4.19,1.78,"NaN","NaN","NaN","NaN","NaN","NaN","NaN","NaN",4.4,4.65,4.8,4.8,4.72,4.67,4.67,4.64,4.62
9.83,9.86,9.8,9.61,"NaN","NaN","NaN","NaN","NaN","NaN","NaN","NaN",8.85,9.01,9.1,9.14,9.15,9.14,9.14,9.13,9.13,9.13,13.77,13.92,14.07,14.14,14.2,14.24,14.28,14.31,14.34,14.36,14.38,14.4,14.42,14.45,14.46,14.48,14.5,14.55,14.59,14.64,14.67,14.7,14.73,14.83,14.9,15.01,15.15,15.23,"NaN","NaN",2.25,2.34,2.33,4.62,4.59,4.55,3.21,"NaN","NaN","NaN","NaN","NaN","NaN","NaN","NaN","NaN","NaN",4.64,4.66,4.83,4.87,4.86,4.83,4.8,4.78
10.23,10.29,10.3,9.78,"NaN","NaN","NaN","NaN","NaN","NaN","NaN","NaN",8.98,9.1,9.15,9.16,9.16,9.16,9.15,9.15,9.15,9.15,13.95,14.1,14.17,14.22,14.26,14.29,14.32,14.35,14.37,14.39,14.41,14.43,14.44,14.47,14.49,14.52,14.54,14.59,14.64,14.69,14.75,14.8,14.84,14.91,15.06,15.09,15.15,15.24,"NaN","NaN",2.49,2.58,2.51,4.69,4.65,4.61,"NaN","NaN","NaN","NaN","NaN","NaN","NaN","NaN","NaN","NaN","NaN","NaN","NaN",4.89,5.0,5.0,4.94,4.89,4.88
10.47,10.64,9.94,"NaN","NaN","NaN","NaN","NaN","NaN","NaN","NaN","NaN",9.11,9.16,9.19,9.19,9.19,9.18,9.17,9.17,9.17,9.17,9.18,14.19,14.24,14.28,14.31,14.33,14.36,14.38,14.4,14.42,14.43,14.46,14.47,14.5,14.53,14.56,14.56,14.63,14.72,14.79,14.84,14.89,14.99,15.05,15.11,15.17,15.21,2.22,"NaN","NaN",2.53,2.69,2.67,2.8,2.87,2.79,"NaN","NaN","NaN","NaN","NaN","NaN","NaN","NaN","NaN","NaN","NaN","NaN","NaN",5.14,5.27,5.25,5.19,5.11,5.0
10.39,10.29,"NaN","NaN","NaN","NaN","NaN","NaN","NaN","NaN","NaN","NaN","NaN",9.22,9.23,9.22,9.21,9.21,9.2,9.2,9.2,9.2,9.2,14.25,14.29,14.32,14.34,14.37,14.39,14.41,14.42,14.44,14.46,14.49,14.51,14.54,14.57,14.61,14.8,14.69,14.81,14.91,15.04,15.05,15.08,15.13,15.13,15.19,15.21,"NaN","NaN","NaN","NaN",3.06,2.89,2.88,"NaN","NaN","NaN","NaN","NaN","NaN","NaN","NaN","NaN","NaN","NaN","NaN","NaN","NaN","NaN",5.26,5.41,5.39,5.29,5.19,5.13
10.46,10.06,"NaN","NaN","NaN","NaN","NaN","NaN","NaN","NaN","NaN","NaN","NaN",9.28,9.27,9.26,9.25,9.24,9.24,9.23,9.23,9.24,9.24,14.3,14.33,14.35,14.38,14.4,14.42,14.43,14.45,14.48,14.5,14.52,14.56,14.59,14.61,14.67,14.79,14.82,14.94,15.07,15.13,15.15,15.17,15.19,15.17,15.22,15.31,15.39,"NaN","NaN","NaN",3.1,"NaN","NaN","NaN","NaN","NaN","NaN","NaN","NaN","NaN","NaN","NaN","NaN","NaN","NaN","NaN","NaN","NaN",5.21,5.39,5.46,5.38,5.3,5.27
10.32,10.1,"NaN","NaN","NaN","NaN","NaN","NaN","NaN","NaN","NaN","NaN","NaN",9.33,9.33,9.32,9.3,9.29,9.28,9.28,9.28,9.28,9.28,14.33,14.36,14.39,14.41,14.43,14.45,14.47,14.49,14.51,14.54,14.57,14.61,14.66,14.69,14.75,14.78,15.0,15.1,15.15,15.21,15.23,15.23,15.25,15.21,15.25,15.31,"NaN","NaN","NaN","NaN","NaN","NaN","NaN","NaN","NaN","NaN","NaN","NaN","NaN","NaN","NaN","NaN","NaN","NaN","NaN","NaN","NaN","NaN",5.04,5.5,5.64,5.6,5.52,5.45
10.34,"NaN","NaN","NaN","NaN","NaN","NaN","NaN","NaN","NaN","NaN","NaN","NaN",9.39,9.4,9.4,9.37,9.36,9.35,9.35,9.35,9.35,9.35,14.37,14.39,14.42,14.44,14.46,14.48,14.51,14.53,14.56,14.59,14.63,14.69,14.76,14.81,14.89,14.97,6.2,15.2,15.23,15.25,15.28,15.28,15.27,15.26,15.26,15.32,"NaN","NaN","NaN","NaN","NaN","NaN","NaN","NaN","NaN","NaN","NaN","NaN","NaN","NaN","NaN","NaN","NaN","NaN","NaN","NaN","NaN","NaN",5.18,5.61,5.7,5.65,5.61,5.58
10.27,"NaN","NaN","NaN","NaN","NaN","NaN","NaN","NaN","NaN","NaN","NaN","NaN",9.47,9.47,9.46,9.45,9.44,9.43,9.43,9.43,9.44,9.44,14.4,14.43,14.45,14.48,14.5,14.53,14.55,14.59,14.62,14.67,14.72,14.79,14.9,14.99,15.06,15.11,15.11,6.39,15.28,15.32,15.31,15.32,15.32,15.32,15.3,"NaN","NaN","NaN","NaN","NaN","NaN","NaN","NaN","NaN","NaN","NaN","NaN","NaN","NaN","NaN","NaN","NaN","NaN","NaN","NaN","NaN","NaN","NaN",5.41,5.62,5.67,5.64,5.63,5.64
10.44,"NaN","NaN","NaN","NaN","NaN","NaN","NaN","NaN","NaN","NaN","NaN","NaN",9.52,9.52,9.52,9.51,9.5,9.5,9.5,9.5,9.51,9.51,9.52,14.46,14.49,14.52,14.55,14.58,14.62,14.66,14.71,14.78,14.86,14.97,15.07,15.12,15.16,15.18,15.21,6.5,6.54,15.35,15.36,15.35,15.36,15.36,15.38,"NaN","NaN","NaN","NaN","NaN","NaN","NaN","NaN","NaN","NaN","NaN","NaN","NaN","NaN","NaN","NaN","NaN","NaN","NaN","NaN","NaN","NaN",5.37,5.54,5.59,5.59,5.6,5.65,5.72
"NaN","NaN","NaN","NaN","NaN","NaN","NaN","NaN","NaN","NaN","NaN","NaN","NaN",9.59,9.59,9.56,9.56,9.55,9.55,9.55,9.56,9.57,9.57,9.58,14.5,14.54,14.58,14.62,14.67,14.72,14.78,14.86,14.96,15.05,15.12,15.17,15.2,15.23,15.25,15.27,15.25,6.67,15.37,15.41,15.41,15.41,15.41,15.42,"NaN","NaN","NaN","NaN","NaN","NaN","NaN","NaN","NaN","NaN","NaN","NaN","NaN","NaN","NaN","NaN","NaN","NaN","NaN","NaN","NaN","NaN",5.2,5.47,5.51,5.52,5.6,5.69,5.85
"NaN","NaN","NaN","NaN","NaN","NaN","NaN","NaN","NaN","NaN","NaN","NaN","NaN","NaN","NaN",9.63,9.62,9.6,9.6,9.61,9.61,9.62,9.63,9.64,9.66,14.61,14.67,14.72,14.79,14.87,14.97,15.06,15.12,15.17,15.21,15.24,15.27,15.29,15.3,15.31,15.3,"NaN","NaN","NaN",15.45,15.44,15.46,15.48,"NaN","NaN","NaN","NaN","NaN","NaN","NaN","NaN","NaN","NaN","NaN","NaN","NaN","NaN","NaN","NaN","NaN","NaN","NaN","NaN","NaN",3.49,5.24,5.45,5.5,5.63,5.7,5.88,5.9
"NaN","NaN","NaN","NaN","NaN","NaN","NaN","NaN","NaN","NaN","NaN","NaN","NaN","NaN","NaN","NaN","NaN",9.65,9.65,9.66,9.67,9.69,9.7,9.72,9.73,14.71,14.79,14.89,15.01,15.09,15.14,15.18,15.22,15.25,15.27,15.3,15.32,15.33,15.35,15.35,15.36,"NaN","NaN","NaN","NaN",1.74,2.86,"NaN","NaN","NaN","NaN","NaN","NaN","NaN","NaN","NaN","NaN","NaN","NaN","NaN","NaN","NaN","NaN","NaN","NaN","NaN","NaN","NaN",3.33,5.01,5.33,5.61,5.7,5.77,5.84,5.97,5.92
"NaN","NaN","NaN","NaN","NaN","NaN","NaN","NaN","NaN","NaN","NaN","NaN","NaN","NaN","NaN","NaN","NaN",9.71,9.72,9.72,9.75,9.77,9.79,9.81,9.83,14.89,15.03,15.1,15.16,15.21,15.24,15.27,15.29,15.31,15.33,15.34,15.36,15.37,15.39,15.39,15.4,"NaN","NaN","NaN","NaN","NaN","NaN","NaN","NaN","NaN","NaN","NaN","NaN","NaN","NaN","NaN","NaN","NaN","NaN","NaN","NaN","NaN","NaN","NaN","NaN","NaN","NaN",3.96,3.93,3.96,5.37,5.59,5.72,5.83,5.89,6.02,6.0
"NaN","NaN","NaN","NaN","NaN","NaN","NaN","NaN","NaN","NaN","NaN","NaN","NaN","NaN","NaN","NaN","NaN","NaN","NaN",9.84,9.84,9.88,9.92,9.95,9.98,15.13,15.18,15.23,15.26,15.28,15.31,15.32,15.34,15.36,15.37,15.38,15.4,15.41,15.43,15.44,15.44,7.11,"NaN","NaN","NaN","NaN","NaN","NaN","NaN","NaN","NaN","NaN","NaN","NaN","NaN","NaN","NaN","NaN","NaN","NaN","NaN","NaN","NaN","NaN","NaN","NaN",3.31,3.8,3.81,3.96,5.46,5.6,5.72,5.84,5.94,6.04,6.04
"NaN","NaN","NaN","NaN","NaN","NaN","NaN","NaN","NaN","NaN","NaN","NaN","NaN","NaN","NaN","NaN","NaN","NaN","NaN","NaN",10.02,10.02,10.06,10.07,10.09,15.25,15.28,15.31,15.33,15.34,15.36,15.37,15.39,15.4,15.41,15.42,15.44,15.45,15.47,15.49,15.49,"NaN","NaN","NaN","NaN","NaN","NaN","NaN","NaN","NaN","NaN","NaN","NaN","NaN","NaN","NaN","NaN","NaN","NaN","NaN","NaN","NaN","NaN","NaN","NaN",2.56,3.71,4.27,4.19,4.18,5.45,5.66,5.75,5.87,5.95,6.06,6.11
"NaN","NaN","NaN","NaN","NaN","NaN","NaN","NaN","NaN","NaN","NaN","NaN","NaN","NaN","NaN","NaN","NaN","NaN","NaN","NaN","NaN",10.12,10.12,10.15,10.16,15.33,15.35,15.36,15.38,15.39,15.4,15.42,15.43,15.44,15.45,15.47,15.48,15.5,15.53,15.54,15.61,"NaN","NaN","NaN","NaN","NaN","NaN","NaN","NaN","NaN","NaN","NaN","NaN","NaN","NaN","NaN","NaN","NaN","NaN","NaN","NaN","NaN","NaN","NaN",1.93,2.99,3.8,4.27,4.32,5.11,"NaN","NaN","NaN",5.89,5.92,6.02,6.09
"NaN","NaN","NaN","NaN","NaN","NaN","NaN","NaN","NaN","NaN","NaN","NaN","NaN","NaN","NaN","NaN","NaN","NaN","NaN","NaN","NaN","NaN",10.18,10.19,10.21,10.23,15.4,15.41,5.91,6.36,6.77,6.99,7.28,7.58,7.81,7.96,8.02,15.57,15.59,15.63,"NaN","NaN","NaN","NaN","NaN","NaN","NaN","NaN","NaN","NaN","NaN","NaN","NaN","NaN","NaN","NaN","NaN","NaN","NaN","NaN","NaN","NaN","NaN","NaN",2.69,2.98,3.79,4.21,4.67,4.82,"NaN","NaN","NaN","NaN",5.82,5.91,6.03
"NaN","NaN","NaN","NaN","NaN","NaN","NaN","NaN","NaN","NaN","NaN","NaN","NaN","NaN","NaN","NaN","NaN","NaN","NaN","NaN","NaN","NaN","NaN",10.24,10.28,10.27,5.43,5.98,6.41,6.8,7.15,7.37,7.72,7.89,8.1,8.22,8.26,8.21,15.74,15.75,"NaN","NaN","NaN","NaN","NaN","NaN","NaN","NaN","NaN","NaN","NaN","NaN","NaN","NaN","NaN","NaN","NaN","NaN","NaN","NaN","NaN","NaN","NaN","NaN",3.22,3.36,4.89,4.87,4.84,4.72,"NaN","NaN","NaN","NaN",5.99,5.96,5.99
"NaN","NaN","NaN","NaN","NaN","NaN","NaN","NaN","NaN","NaN","NaN","NaN","NaN","NaN","NaN","NaN","NaN","NaN","NaN","NaN","NaN","NaN","NaN","NaN","NaN",10.32,5.58,6.1,6.63,7.0,7.39,7.81,8.06,8.22,8.27,8.3,8.27,8.28,8.09,"NaN","NaN","NaN","NaN","NaN","NaN","NaN","NaN","NaN","NaN","NaN","NaN","NaN","NaN","NaN","NaN","NaN","NaN","NaN","NaN","NaN","NaN","NaN","NaN","NaN","NaN",5.16,5.08,5.2,5.12,5.13,4.9,4.94,"NaN","NaN",5.98,6.08,6.1
"NaN","NaN","NaN","NaN","NaN","NaN","NaN","NaN","NaN","NaN","NaN","NaN","NaN","NaN","NaN","NaN","NaN","NaN","NaN","NaN","NaN","NaN","NaN","NaN","NaN","NaN",4.5,5.9,6.79,7.3,7.76,8.19,8.33,8.38,8.36,8.32,8.3,8.24,"NaN","NaN","NaN","NaN","NaN","NaN","NaN","NaN","NaN","NaN","NaN","NaN","NaN","NaN","NaN","NaN","NaN","NaN","NaN","NaN","NaN","NaN","NaN","NaN","NaN","NaN","NaN","NaN",5.14,5.27,5.19,5.28,5.45,5.14,"NaN",5.78,6.01,6.18,6.24
"NaN","NaN","NaN","NaN","NaN","NaN","NaN","NaN","NaN","NaN","NaN","NaN","NaN","NaN","NaN","NaN","NaN","NaN","NaN","NaN","NaN","NaN","NaN","NaN","NaN","NaN",3.62,5.8,6.77,7.22,7.74,8.22,8.41,8.42,8.39,8.34,8.25,"NaN","NaN","NaN","NaN","NaN","NaN","NaN","NaN","NaN","NaN","NaN","NaN","NaN","NaN","NaN","NaN","NaN","NaN","NaN","NaN","NaN","NaN","NaN","NaN","NaN","NaN","NaN","NaN","NaN","NaN",2.97,5.31,5.48,5.53,4.93,"NaN",2.5,5.99,6.2,6.31
