wind.json
{"header": {"discipline":0,"disciplineName":"Meteorological products","gribEdition":2,"gribLength":79248,"center":7,"centerName":"US National Weather Service - NCEP(WMC)","subcenter":0,"refTime":"2020-08-25T18:00:00.000Z","significanceOfRT":1,"significanceOfRTName":"Start of forecast","productStatus":0,"productStatusName":"Operational products","productType":1,"productTypeName":"Forecast products","productDefinitionTemplate":0,"productDefinitionTemplateName":"Analysis/forecast at horizontal level/layer at a point in time","parameterCategory":2,"parameterCategoryName":"Momentum","parameterNumber":3,"parameterNumberName":"V-component_of_wind","parameterUnit":"m.s-1","genProcessType":2,"genProcessTypeName":"Forecast","forecastTime":0,"surface1Type":103,"surface1TypeName":"Specified height level above ground","surface1Value":10.0,"surface2Type":255,"surface2TypeName":"Missing","surface2Value":0.0,"gridDefinitionTemplate":0,"gridDefinitionTemplateName":"Latitude_Longitude","numberPoints":65160,"shape":6,"shapeName":"Earth spherical with radius of 6,371,229.0 m","gridUnits":"degrees","resolution":48,"winds":"true","scanMode":0,"nx":360,"ny":181,"basicAngle":0,"lo1":0.0,"la1":90.0,"lo2":359.0,"la2":-90.0,"dx":1.0,"dy":1.0}, "data":
[rows 104 to 129 of 181, columns 174 to 231 of 360]
5.4014015,6.3214016,6.0214014,6.0014014,4.6514015,3.7714014,3.8014014,3.2714014,2.8614013,3.0714014,2.2814014,2.3514013,2.5914013,1.4914013,1.2914014,0.47140136,0.9914014,1.0714014,1.1914014,2.5714014,3.3714013,3.4914014,1.9914013,2.2114015,1.0214014,2.2214015,2.2914014,2.4114013,2.4714015,2.9214013,2.8114014,3.0814013,2.8714013,3.3214014,3.1114013,2.9314013,3.0214014,2.0414014,1.6614014,3.2014015,2.3114014,3.1914015,2.4414015,2.0014014,1.4314014,1.9014014,1.2914014,1.3914014,1.3214014,1.4614013,1.1014013,1.1014013,0.9914014,0.5414014,0.39140138,-0.11859863,1.0414014,0.5314014
4.3414016,4.451401,3.7014015,4.8514013,5.2914014,4.2114015,2.4814014,2.7914014,2.2014015,1.9814013,1.1314014,1.3214014,0.96140134,0.9814014,1.0314014,0.9114014,0.81140137,0.47140136,0.70140135,0.8514014,1.5814013,2.4214013,2.2614014,2.6714013,2.0214014,2.6914015,1.9414014,2.0014014,1.4114014,2.4814014,2.7414014,2.5514014,3.0114014,2.6614013,2.8314013,2.2314014,2.3514013,1.5514014,2.0114014,0.7814014,1.1014013,1.7114013,2.0014014,2.7214015,1.4814013,1.7714014,1.7614014,1.9514014,0.48140135,-0.48859864,0.49140137,0.48140135,0.37140137,-0.008598633,0.37140137,0.08140137,0.051401366,0.57140136
2.9114013,1.9914013,2.2514014,3.3614013,2.4214013,4.9214015,3.1714013,2.9314013,2.4314013,2.1014013,1.8714013,0.95140135,1.3314013,0.5514014,0.8614014,0.56140137,0.42140138,0.69140136,0.62140137,0.45140135,0.9214014,0.83140135,0.30140138,1.5514014,1.8414013,3.1614013,3.2014015,3.2814014,4.7514014,3.3514013,3.3514013,3.2414014,3.2214015,3.7114015,4.4314013,3.2714014,3.5114014,4.3914013,1.6414014,1.0214014,1.3114014,-0.018598633,0.69140136,1.3114014,1.3514013,0.94140136,1.3414013,1.6414014,1.8414013,1.1414014,0.51140136,0.19140136,-0.11859863,0.22140136,0.21140137,0.48140135,1.1214013,-2.4185987
3.7914014,0.6014014,-0.5885986,0.7414014,3.8514013,1.2414013,1.0014014,3.3114014,2.3514013,2.7814014,2.2014015,3.1214013,1.7414013,1.2514014,1.2914014,1.6114013,1.6014013,1.2214013,1.3614013,0.77140135,0.9814014,0.81140137,0.34140137,-0.18859863,-0.65859866,-0.41859862,0.5314014,2.3614013,3.4714015,3.9614015,4.801401,4.4614015,4.7514014,4.8114014,5.6214013,6.3514013,4.1014013,5.761401,4.3714013,2.1614013,0.84140134,1.4914013,2.0214014,1.8014014,2.1014013,1.8314013,1.1714014,1.9114014,1.3614013,1.7614014,0.7914014,-0.38859862,-0.8985986,-1.2085986,-0.31859863,0.061401367,1.0914013,-2.8985987
2.2214015,3.1614013,-0.5885986,2.4214013,-1.0985986,1.2314013,0.031401366,-0.30859864,0.6114014,0.96140134,1.9114014,1.7114013,2.6514013,1.7914014,2.6014013,1.6014013,1.3414013,1.5414014,1.1514014,1.3114014,1.0714014,0.52140135,0.39140138,0.27140138,0.20140137,-0.25859863,0.36140138,1.2014014,2.1714013,2.6814013,4.6714015,5.2514014,4.7314014,4.8714013,4.6414013,4.9614015,5.3114014,6.051401,6.3914013,6.6014013,5.4014015,3.7814014,0.77140135,1.2714014,1.9114014,2.6114013,1.8814014,1.2814014,1.7414013,0.94140136,1.1514014,1.4114014,0.31140137,-0.73859864,-0.43859863,-0.41859862,-0.39859864,-1.6585987
4.1414013,1.0614014,1.5414014,0.9814014,-0.028598633,0.09140137,0.29140136,-1.0785986,-1.3585986,-0.6485986,0.51140136,0.44140136,-0.47859862,0.5414014,1.3914014,1.7214013,1.6714014,1.2614014,1.3114014,0.6114014,0.011401367,0.51140136,-0.038598634,-0.28859863,-0.44859862,-0.018598633,0.8014014,1.2414013,2.3314013,2.9414015,3.3214014,2.6414013,2.8714013,2.9914014,3.5014014,4.6814013,4.5014014,4.6514015,4.0814013,6.281401,6.3614016,6.7114015,6.8714013,6.031401,2.6814013,2.5214014,2.1414013,1.1514014,1.6414014,1.9314014,-0.74859864,0.12140137,-1.8385986,-2.1585987,-1.8585986,-1.2785987,-0.27859864,-1.7485986
7.0714016,7.1314015,-0.8985986,-0.7185986,0.19140136,-0.30859864,-0.058598634,-0.68859863,-1.3285986,-1.1885986,-0.7785986,0.34140137,0.62140137,0.57140136,0.6614014,0.18140137,0.08140137,-0.16859864,-0.008598633,-0.32859862,-0.11859863,-0.36859864,0.08140137,-0.028598633,-0.018598633,0.13140136,0.37140137,0.111401364,1.6114013,1.7414013,1.4914013,2.0514014,2.3414013,2.1814013,2.5814013,2.0814013,3.5314014,4.301401,4.1914015,3.4914014,4.3314013,4.8114014,5.201401,5.5714016,7.051401,7.011401,5.9214015,4.511401,4.531401,2.0014014,1.7614014,-0.48859864,0.041401368,-3.8085985,-3.6785986,-4.0685987,-2.9485986,-2.9185987
6.741401,6.4014015,6.471401,5.5414014,-4.0685987,-2.1885986,-0.9485986,-1.5385987,-1.0185987,-1.2785987,-1.6185986,-0.9485986,-0.44859862,-0.30859864,-1.4485986,-1.2285986,-1.1285987,-0.5785986,-0.84859866,-0.79859865,-0.6985986,-1.4385986,-0.8385986,-0.55859864,-0.7085986,-0.5085986,-0.59859866,0.52140135,1.3214014,1.4414014,1.2314013,2.2014015,3.4414015,4.8514013,1.6414014,2.3714013,2.8614013,1.3714013,1.7714014,2.5414014,3.3614013,3.9514015,4.0814013,4.6814013,5.301401,6.4114013,6.7514014,6.6614013,5.0814013,6.0914016,2.5914013,-0.67859864,-2.4385986,-1.3785987,-4.9785986,-4.3785987,-4.238599,-4.1785984
6.9314013,7.1814013,7.3514013,6.9114013,6.5914016,1.4414014,-2.8385987,-1.8085986,-1.1285987,-1.6685987,-1.5385987,-1.9985986,-2.3685987,-2.6185987,-2.3285987,-2.4685986,-2.8485987,-2.9585986,-2.6985986,-3.9285986,-2.0385985,-2.1685987,-2.6585987,-2.2085986,-2.6485987,-3.4385986,-1.1085986,-0.97859865,0.36140138,0.41140136,0.89140135,1.5214014,1.9514014,2.5314014,3.7514014,4.531401,4.741401,5.5714016,5.221401,5.201401,5.281401,4.9614015,6.1014013,4.9214015,4.7314014,5.8514013,5.6514015,5.741401,5.551401,4.721401,4.781401,5.301401,-0.40859863,-0.61859864,-4.3185987,-6.8185987,-6.4285984,-5.7685986
6.4814014,6.8514013,6.991401,7.551401,7.6114016,7.4814014,6.031401,1.0614014,-3.4785986,-3.6085987,-2.3585987,-2.0185986,-2.0785987,-2.9885986,-3.3185987,-2.9585986,-3.5385985,-3.9085987,-4.7885985,-4.008599,-3.0885987,-2.8785987,-2.9685986,-2.2385986,-2.1485987,-3.1485987,-1.4385986,-2.2885985,-1.6785986,-0.98859864,-0.5685986,0.16140136,0.6114014,0.69140136,1.3414013,2.0514014,2.7114015,3.4914014,4.0414014,3.8214014,4.0614014,3.2914014,4.1914015,4.6114016,4.0414014,4.281401,4.9214015,6.1414013,6.4014015,3.6114013,3.1414013,3.2614014,3.2714014,2.7214015,-2.2285986,-5.468599,-8.538599,-8.148599
4.781401,5.471401,5.9814014,6.6514015,6.6914015,6.9314013,7.1414013,6.8314013,6.531401,3.1114013,-4.488599,-4.1385984,-3.9885986,-2.9785986,-3.1285987,-4.0585985,-4.198599,-5.8885984,-4.9085984,-5.3185987,-5.4985986,-6.008599,-4.6385984,-4.0585985,-3.2785985,-3.8985987,-3.9285986,-3.2385986,-1.9585986,-2.0685987,-2.1485987,-1.7185986,-1.3185986,-0.32859862,-0.09859863,0.58140135,1.6614014,1.7014014,2.1114013,2.9614015,2.8214014,3.5814013,3.9314013,3.9714015,3.9514015,3.9614015,4.9014015,5.491401,5.3914013,4.531401,1.1114013,1.1414014,1.5914013,2.1914015,4.1014013,-5.3985987,-9.218598,-10.228599
3.6514013,3.9014013,4.3714013,4.4814014,5.281401,5.3714013,5.551401,6.241401,6.3314013,5.951401,6.451401,4.3114014,-5.528599,-4.1885986,-5.2285986,-5.3285985,-3.7385986,-3.4885986,-4.3185987,-5.738599,-4.4385986,-6.738599,-6.468599,-5.218599,-5.528599,-6.198599,-6.1385984,-6.028599,-5.0585985,-4.6085987,-4.2285986,-4.1485987,-3.4885986,-2.2185986,-2.0485985,-1.1785986,-0.008598633,0.94140136,1.3614013,2.0914013,2.4714015,2.9414015,3.8714013,4.0814013,3.4514015,3.8014014,4.7514014,5.721401,5.241401,4.9114013,4.0714016,2.6214013,2.3714013,3.1814013,1.7614014,3.0314014,-6.1685987,-11.948599
3.6514013,3.9014013,3.4114013,3.8414013,3.7714014,4.0714016,4.8914013,3.9114013,4.3114014,4.9814014,5.4114013,5.3814015,4.801401,5.511401,-4.0985985,-5.1085987,-5.5685987,-4.9785986,-4.218599,-4.9385986,-5.1485987,-5.4785986,-6.8285985,-7.0185986,-7.1485987,-7.008599,-7.3085985,-6.8585987,-6.0685987,-5.8385987,-6.1885986,-5.2285986,-4.6185985,-3.8885987,-2.9485986,-3.0085986,-2.4585986,-0.41859862,0.81140137,1.7114013,2.4714015,2.6014013,3.3514013,4.6014013,4.5914016,4.451401,4.5914016,6.1514015,5.5414014,5.8514013,4.5014014,2.5814013,1.6714014,1.8514013,0.5514014,-0.40859863,-0.72859865,3.4814014
3.8114014,3.5414014,3.8714013,3.5514014,2.6314013,2.5114014,2.7014015,3.4514015,4.1414013,3.5214014,3.6214013,3.7814014,4.6514015,5.511401,2.9714015,5.4414015,-6.3685985,-6.2685986,-7.198599,-5.758599,-5.7885985,-6.9385986,-7.4985986,-7.8485985,-8.518599,-8.3085985,-8.658599,-8.568599,-7.5885987,-6.5585985,-6.6585984,-6.698599,-5.6785984,-5.8285985,-5.2285986,-4.2285986,-3.6285987,-1.9985986,-0.67859864,0.9714014,2.2214015,2.5914013,4.0814013,4.3314013,4.781401,4.971401,5.721401,6.6514015,6.1814013,3.9414015,3.9314013,3.4514015,1.6114013,1.5314014,0.69140136,-0.9585986,-1.1085986,-1.9085987
3.1914015,3.5414014,4.3914013,4.6614013,4.7714014,3.1014013,2.2914014,2.2014015,1.8814014,2.2414014,2.4414015,2.0814013,2.3614013,3.0214014,3.8414013,3.3214014,1.7014014,3.2314014,1.9414014,-7.0785985,-6.988599,-6.0785985,-7.3885984,-7.548599,-9.898599,-9.658599,-9.578599,-10.188599,-8.838598,-8.318599,-7.4385986,-7.3585987,-7.3885984,-7.798599,-6.6285987,-6.3585987,-4.778599,-3.4985986,-1.7785987,-0.5785986,1.9014014,2.8414013,3.0614014,5.1114016,6.0214014,6.0414014,6.8814015,7.471401,8.051401,5.3114014,3.6314013,2.7914014,2.3514013,1.8914014,0.40140137,-1.0085987,-4.9085984,-5.7285986
2.8214014,3.1414013,3.3914013,4.0214014,3.9514015,4.7114015,4.221401,4.1514015,2.4114013,1.0814013,0.71140134,0.9714014,0.96140134,0.5514014,0.82140136,1.5014014,2.2014015,2.1714013,-1.5085987,0.12140137,-0.86859864,-7.448599,-7.0685987,-6.488599,-7.008599,-10.108599,-9.8485985,-9.078599,-9.128598,-8.538599,-8.968598,-8.868599,-8.438599,-8.368599,-8.318599,-7.0185986,-5.5585985,-5.1085987,-3.2885985,-0.85859865,0.89140135,2.5314014,3.2314014,3.8814013,5.0214014,6.9614015,7.3214016,7.7114015,7.2514014,6.2714014,3.8314013,4.221401,3.5414014,4.3514013,1.6814014,-4.2285986,-5.5885987,-8.828599
2.9214013,2.7514014,3.5814013,3.7114015,3.9714015,3.3914013,3.1814013,2.7714014,2.6114013,3.2214015,1.7714014,-0.028598633,-0.24859864,-1.0885986,-0.53859866,-0.33859864,0.83140135,1.0614014,1.4514014,-0.14859863,-3.2685986,-0.36859864,-7.7685986,-8.568599,-8.258598,-9.838598,-10.538599,-9.568599,-9.838598,-8.928598,-8.648599,-9.008598,-9.658599,-9.708599,-9.268599,-8.958599,-7.9785986,-6.3785987,-4.4085984,-2.1885986,-0.18859863,1.8014014,3.4514015,4.9114013,5.6414013,6.1914015,6.781401,7.3714013,8.531402,6.5714016,4.0414014,5.201401,3.7114015,3.8314013,4.8714013,1.6114013,-8.528599,-6.8785987
2.2114015,3.1614013,3.7114015,3.4714015,3.2314014,3.0514014,2.8714013,2.3214014,2.2214015,1.8914014,1.7914014,2.3714013,-0.23859863,-1.9085987,-2.0885987,-1.7985986,-1.7285986,-0.6385986,-0.30859864,0.57140136,1.6214013,2.5214014,-1.7685987,-5.278599,-8.908599,-7.758599,-8.198599,-10.178598,-10.618599,-11.5985985,-9.508598,-7.6585984,-8.0585985,-9.748599,-10.018599,-9.288599,-7.008599,-6.8485985,-8.828599,-3.8485987,-1.5985986,0.62140137,3.1014013,3.8014014,4.7714014,6.3814015,6.6014013,7.6214013,9.571402,4.8414016,4.781401,4.3314013,6.801401,9.351401,6.031401,-3.3385987,-6.9285984,-8.0585985
1.6714014,2.4514015,2.8514013,3.7514014,2.9914014,3.7514014,3.1514013,3.2314014,3.9014013,3.2614014,1.7814014,1.2114013,0.84140134,0.22140136,-2.3085985,-3.1285987,-4.1285987,-3.0385985,-1.6385987,-0.66859865,0.071401365,0.23140137,0.8514014,2.4614015,-5.448599,-9.208599,-8.388598,-7.718599,-8.968598,-9.028599,-10.888598,-10.338598,-9.518599,-9.3085985,-9.168598,-9.448599,-8.468598,-7.4585986,-6.6085987,-5.7885985,-3.6585987,-1.8185986,0.5514014,3.8314013,5.281401,6.1014013,6.5014014,8.091401,8.531402,3.3714013,3.8914013,6.0414014,7.0914016,12.731401,10.271401,-7.5785985,-7.9085984,-9.138598
3.6314013,3.3014014,4.0814013,4.3414016,2.6114013,2.4614015,3.4314013,4.301401,4.0814013,2.6614013,2.4914014,1.7714014,1.5014014,0.64140135,-0.39859864,-2.5485985,-4.9185987,-5.028599,-4.5985985,-3.0585985,-1.7585987,-0.55859864,0.39140138,-0.07859863,0.51140136,-0.38859862,-7.1385984,-10.388598,-10.878598,-11.888598,-11.328599,-11.048598,-10.428598,-10.838598,-10.208599,-9.388598,-8.588598,-8.3085985,-6.8785987,-5.7685986,-4.6385984,-3.1585987,-1.4285986,2.1814013,4.9414015,6.0214014,6.951401,8.101401,7.2314014,2.1014013,3.3814013,5.4414015,6.5614014,6.7914014,10.731401,1.1414014,-1.7585987,-2.2285986
5.6814013,4.4014015,3.9914014,4.261401,4.1814013,2.5314014,3.9814014,4.451401,4.7714014,3.5714014,2.7214015,1.9214014,0.7914014,-0.11859863,-0.24859864,-1.5485986,-3.6385987,-5.2485986,-5.5885987,-4.7485986,-3.5685987,-2.5885987,-1.0885986,-0.68859863,-1.2585987,-0.30859864,0.32140136,0.41140136,-10.128598,-10.888598,-11.748599,-12.988599,-13.3085985,-13.148599,-12.168598,-10.878598,-9.388598,-8.178598,-7.198599,-6.5185986,-4.7885985,-4.198599,-1.9985986,1.2314013,3.1814013,5.261401,6.8814015,8.111402,6.471401,1.5314014,1.6314014,3.0714014,3.1014013,3.4614015,2.4614015,6.6114016,6.7514014,1.6014013
2.1114013,3.8214014,4.4814014,5.1714015,4.6114016,3.5914013,2.5014014,3.8414013,4.0814013,3.2214015,3.1314013,3.2714014,2.3514013,0.82140136,-0.49859864,-1.8785987,-3.1785986,-5.048599,-5.7285986,-5.6385984,-5.1085987,-3.5485985,-2.8685987,-2.3885987,-1.5285987,-1.6185986,-0.5885986,-0.62859863,-1.8085986,-2.9385986,-7.5985985,-15.688599,-14.928598,-14.658599,-12.778599,-11.318599,-10.998599,-8.748599,-7.9385986,-7.2285986,-6.218599,-5.798599,-3.9685986,-0.5185986,1.7414013,4.281401,5.281401,6.9814014,7.0814013,-1.9785986,-0.5885986,0.71140134,0.36140138,-0.22859864,-2.3185987,-1.8585986,-0.19859864,-0.17859863
0.71140134,3.2114015,3.5914013,3.9314013,4.9214015,4.511401,3.5914013,2.7314014,4.0814013,4.5414014,5.0014014,5.4814014,5.5814013,3.8514013,1.1414014,-1.8685986,-3.5285985,-4.718599,-6.3985987,-7.3985987,-6.758599,-5.028599,-3.6785986,-2.9785986,-2.4285986,-1.4685986,-0.53859866,-0.36859864,-1.2285986,0.031401366,-5.488599,-6.5185986,-7.5685987,-13.438599,-13.488599,-11.198599,-10.738599,-8.8085985,-7.5185986,-8.078599,-8.328599,-6.5385985,-3.7685986,-2.5985987,0.65140134,2.3514013,4.3814015,5.491401,6.3114014,5.3314013,-3.1785986,-3.4185987,-1.8085986,-0.9685986,-1.9385986,-3.7285986,-3.4485986,-3.7385986
4.8314013,0.061401367,1.0814013,3.7714014,5.0014014,3.5914013,4.1814013,4.761401,4.491401,5.201401,5.8614016,6.761401,5.6214013,5.1414013,2.7914014,-1.4885986,-4.278599,-5.4285984,-6.6085987,-9.038599,-8.618599,-6.6085987,-4.3485985,-3.8885987,-3.3785987,-2.4285986,-1.0885986,0.41140136,-0.37859863,-1.7585987,-2.9985986,-9.078599,-14.928598,-15.0985985,-13.468598,-12.618599,-11.688599,-11.158599,-9.968598,-9.318599,-8.988599,-7.3485985,-6.0185986,-3.2085986,-0.37859863,1.1514014,2.6314013,4.0014014,4.7914014,5.0014014,4.0814013,-5.9385986,-5.4085984,-3.4085987,-2.6985986,-3.8185987,-3.6885986,-3.5585985
4.5014014,0.111401364,0.65140134,0.6014014,-0.8185986,6.201401,6.6614013,6.0214014,4.9214015,6.1714015,6.451401,7.1914015,8.6914015,6.4814014,3.3014014,-1.2585987,-4.9785986,-5.9585986,-7.028599,-7.9185987,-8.798598,-7.238599,-4.8085985,-4.5885987,-5.1085987,-4.0585985,-2.3085985,-0.9585986,-0.27859864,-0.7785986,-2.7385986,-7.4585986,-11.8485985,-11.358599,-10.758598,-13.008598,-11.938599,-13.0585985,-11.998599,-9.958599,-9.578599,-7.028599,-5.6085987,-5.1685987,-3.2285986,0.36140138,1.7814014,2.5414014,3.7914014,3.8314013,3.7814014,-7.798599,-7.0885987,-6.2885985,-4.4785986,-3.8285987,-3.2185986,-3.3585987
3.5514014,-0.46859863,-0.8185986,0.23140137,7.3414016,8.621402,7.5814013,7.0614014,6.261401,6.4814014,7.2314014,8.1914015,9.141401,8.421401,7.031401,-1.1985986,-4.3585987,-5.3385987,-5.6485987,-6.698599,-8.698599,-6.948599,-6.0385985,-5.218599,-4.9785986,-4.4185987,-3.1785986,-2.3785987,-1.4185987,-1.4385986,-1.1285987,0.8014014,-5.278599,-12.608599,-12.8085985,-10.018599,-11.788599,-12.128598,-11.398599,-10.658599,-10.5585985,-7.9285984,-6.8585987,-5.698599,-3.3285987,-1.5285987,0.82140136,2.3514013,3.7714014,4.1314015,1.8114014,-9.498599,-9.678598,-7.9785986,-6.3985987,-4.8585987,-3.6885986,-3.0485985
