wind.json
{"header": {"discipline":0,"disciplineName":"Meteorological products","gribEdition":2,"gribLength":47921,"center":7,"centerName":"US National Weather Service - NCEP(WMC)","subcenter":0,"refTime":"2020-08-25T18:00:00.000Z","significanceOfRT":1,"significanceOfRTName":"Start of forecast","productStatus":0,"productStatusName":"Operational products","productType":1,"productTypeName":"Forecast products","productDefinitionTemplate":0,"productDefinitionTemplateName":"Analysis/forecast at horizontal level/layer at a point in time","parameterCategory":0,"parameterCategoryName":"Temperature","parameterNumber":0,"parameterNumberName":"Temperature","parameterUnit":"K","genProcessType":2,"genProcessTypeName":"Forecast","forecastTime":0,"surface1Type":1,"surface1TypeName":"Ground or water surface","surface1Value":0.0,"surface2Type":255,"surface2TypeName":"Missing","surface2Value":0.0,"gridDefinitionTemplate":0,"gridDefinitionTemplateName":"Latitude_Longitude","numberPoints":65160,"shape":6,"shapeName":"Earth spherical with radius of 6,371,229.0 m","gridUnits":"degrees","resolution":48,"winds":"true","scanMode":0,"nx":360,"ny":181,"basicAngle":0,"lo1":0.0,"la1":90.0,"lo2":359.0,"la2":-90.0,"dx":1.0,"dy":1.0}, "data":
[rows 0 to 33 of 181, columns 154 to 230 of 360]
272.9,272.9,272.9,272.9,272.9,272.9,272.9,272.9,272.9,272.9,272.9,272.9,272.9,272.9,272.9,272.9,272.9,272.9,272.9,272.9,272.9,272.9,272.9,272.9,272.9,272.9,272.9,272.9,272.9,272.9,272.9,272.9,272.9,272.9,272.9,272.9,272.9,272.9,272.9,272.9,272.9,272.9,272.9,272.9,272.9,272.9,272.9,272.9,272.9,272.9,272.9,272.9,272.9,272.9,272.9,272.9,272.9,272.9,272.9,272.9,272.9,272.9,272.9,272.9,272.9,272.9,272.9,272.9,272.9,272.9,272.9,272.9,272.9,272.9,272.9,272.9,272.9
272.4,272.4,272.3,272.3,272.3,272.3,272.3,272.3,272.3,272.3,272.3,272.3,272.3,272.3,272.3,272.3,272.2,272.2,272.2,272.2,272.2,272.2,272.2,272.2,272.5,272.5,272.5,272.5,272.5,272.5,272.5,273.0,273.0,273.0,273.0,273.0,273.0,273.0,273.0,273.0,273.0,273.0,273.0,273.0,272.9,272.9,272.9,272.9,272.9,272.9,272.9,272.7,272.7,272.7,272.7,272.7,272.0,272.3,272.3,272.3,272.3,272.3,272.4,272.4,272.4,272.4,272.4,272.3,272.3,272.3,272.3,272.3,272.3,272.3,272.3,272.3,272.6
273.1,273.1,273.1,273.1,273.1,273.1,273.1,273.1,273.1,273.1,273.1,273.1,273.1,273.1,273.1,273.1,273.1,273.1,273.1,273.1,273.1,273.1,273.1,273.1,273.1,273.1,273.1,273.1,273.1,273.1,273.1,273.1,273.1,273.1,273.1,273.1,273.0,273.0,273.0,273.0,273.0,273.0,273.0,273.0,273.1,273.1,273.1,273.0,273.0,273.0,273.0,273.0,272.8,272.3,272.8,273.0,273.0,273.0,273.0,273.0,273.0,273.0,273.0,273.0,273.0,272.8,272.8,272.8,272.8,273.0,273.0,273.0,273.0,273.0,273.0,273.0,273.0
273.1,273.1,273.1,273.1,273.1,273.1,273.1,273.1,273.1,273.1,273.1,273.1,273.1,273.1,273.1,273.1,273.1,273.1,273.1,273.1,273.1,273.1,273.1,273.1,273.0,272.5,273.0,273.1,273.1,273.1,273.1,273.1,273.1,273.1,273.1,273.1,273.1,273.1,273.1,273.1,273.1,273.1,273.1,273.1,273.1,273.0,273.0,273.0,273.0,273.0,272.9,272.9,272.8,272.8,272.7,272.7,272.8,272.9,272.9,273.0,273.1,273.0,273.1,273.1,273.1,273.1,273.0,273.1,273.1,273.1,273.1,273.1,272.9,272.7,272.7,273.0,273.1
273.0,273.0,273.0,273.0,273.0,273.0,273.0,273.0,273.0,273.0,273.0,273.0,273.0,273.0,273.0,273.0,273.0,273.0,273.1,273.1,273.1,273.1,273.0,273.0,273.0,273.0,273.0,273.0,273.1,273.1,273.1,273.1,273.1,273.1,273.1,273.1,273.1,273.1,273.1,273.1,273.1,273.1,272.9,272.9,273.0,273.1,273.1,273.0,272.9,272.9,272.8,272.8,272.8,272.7,272.7,272.7,272.7,272.8,272.8,272.8,272.9,272.9,273.0,273.1,273.1,273.1,273.1,273.1,273.1,273.1,273.1,273.1,273.1,273.1,273.1,273.0,273.0
273.0,273.0,273.0,273.0,273.0,273.0,273.0,273.0,273.0,273.0,273.0,273.0,273.0,273.0,272.9,272.9,273.0,273.0,273.0,273.0,273.0,273.0,273.0,273.0,273.0,273.0,273.0,273.0,273.0,273.0,273.0,273.0,273.0,273.1,273.1,273.1,273.1,273.1,273.1,273.1,273.1,273.1,273.1,273.1,273.1,273.1,273.0,273.0,273.0,273.1,273.1,273.1,273.1,273.0,273.0,273.0,272.9,272.9,272.9,272.9,272.9,273.0,273.1,273.1,273.1,273.1,273.1,273.1,273.1,273.1,273.1,273.1,273.1,273.1,273.1,273.2,273.1
272.9,273.0,273.0,273.1,273.0,273.0,273.0,273.0,273.0,272.9,272.9,272.9,272.9,272.9,272.9,273.0,273.0,273.0,273.0,273.0,273.0,273.0,273.0,273.0,273.0,273.1,273.1,273.0,273.0,273.0,273.0,273.0,273.1,273.0,273.0,273.0,273.0,273.0,273.0,273.0,273.0,273.0,273.0,273.0,272.9,272.9,272.9,272.9,273.0,273.1,273.1,273.1,273.1,272.3,271.9,272.0,272.0,271.8,271.8,272.0,272.2,272.9,273.0,273.0,273.0,273.0,273.0,273.1,273.0,273.1,273.1,273.1,273.1,273.1,273.1,273.0,273.1
273.0,272.9,272.9,272.9,273.0,273.0,273.0,273.0,273.0,273.0,273.0,272.9,273.0,273.0,273.0,273.0,273.0,273.0,273.0,273.0,273.0,273.0,273.0,273.0,273.0,273.0,273.0,273.0,272.9,272.9,272.9,272.9,272.8,272.8,272.8,272.7,272.6,272.6,272.6,272.8,272.8,272.7,272.8,272.8,272.8,272.8,272.8,272.8,272.9,272.8,272.8,272.8,273.0,272.8,273.0,273.0,273.0,272.9,273.0,273.0,273.0,273.0,273.0,272.9,273.0,273.0,273.0,273.0,273.0,273.0,273.0,273.1,273.1,273.1,273.1,273.0,273.0
272.8,272.7,272.7,272.7,272.7,272.8,272.7,272.8,272.7,272.7,272.8,272.7,272.8,272.8,272.8,272.9,272.9,273.0,273.0,272.9,272.9,273.0,273.0,273.0,273.0,273.0,273.0,273.0,273.0,272.9,272.9,272.9,272.9,272.9,272.9,272.8,272.8,272.8,272.8,272.8,272.8,272.8,272.9,272.8,272.8,272.8,272.8,272.8,272.8,272.8,272.9,272.8,272.8,272.8,272.8,272.9,272.8,272.9,273.0,273.0,272.9,273.0,273.0,273.0,273.1,273.0,273.0,273.0,273.0,273.0,273.0,272.5,271.8,271.6,271.7,271.8,271.7
272.4,272.5,272.6,272.6,272.4,272.5,272.6,272.4,272.5,272.7,272.5,272.4,272.2,272.3,272.4,272.3,272.3,272.2,272.2,272.2,272.2,272.2,272.2,272.3,272.2,272.3,272.4,272.4,272.3,272.4,272.3,272.3,272.3,272.5,272.3,272.7,272.5,272.5,272.5,272.2,272.0,271.9,272.2,272.7,272.8,272.5,272.6,272.6,272.9,272.8,272.7,272.6,272.5,272.8,272.8,272.8,272.9,272.9,272.9,272.8,272.9,272.8,272.7,272.8,272.9,272.9,273.0,273.0,273.0,273.0,272.3,271.5,271.8,271.8,271.8,271.9,272.5
272.8,272.8,272.8,272.7,272.6,272.7,272.7,272.6,272.5,272.5,272.3,272.4,272.4,272.4,272.2,272.1,272.6,272.6,272.6,272.6,272.3,272.4,272.4,272.2,272.1,272.3,272.3,272.3,272.5,272.6,272.5,272.7,272.6,272.6,272.4,272.3,272.2,272.4,272.2,272.0,271.6,271.5,271.5,271.5,271.6,271.5,272.0,271.7,271.5,271.4,271.4,271.5,271.4,271.7,272.1,272.4,272.4,272.2,272.4,272.4,272.5,272.8,273.0,273.0,273.0,272.9,272.8,272.7,272.6,272.5,272.6,272.8,272.8,272.9,272.9,272.9,272.8
272.1,271.9,271.5,271.5,271.7,271.9,272.1,271.9,271.6,271.6,271.6,271.7,271.7,271.9,272.0,272.5,272.4,272.5,272.2,272.3,272.6,272.5,272.4,272.0,271.9,272.0,272.1,272.3,272.2,271.8,272.4,272.4,272.4,272.0,272.0,271.9,271.6,271.4,271.7,271.5,271.5,271.5,271.4,271.4,271.7,271.7,271.5,271.4,271.4,271.4,271.4,271.3,271.4,271.3,271.4,271.4,271.4,271.3,271.6,271.8,272.2,272.5,272.7,272.8,272.8,273.0,273.0,273.0,273.0,273.0,273.0,273.0,272.9,272.8,272.7,272.8,272.5
272.5,272.6,272.6,272.4,272.2,272.0,272.3,271.5,271.7,271.7,271.9,272.0,271.8,271.9,272.0,271.9,271.9,271.9,272.0,272.1,272.1,272.0,271.9,271.5,271.6,271.4,271.6,271.4,271.4,271.4,271.5,271.4,271.5,271.4,271.4,271.4,271.4,271.4,271.5,271.4,271.4,271.4,271.5,271.4,271.8,271.4,271.4,271.5,271.4,271.7,271.4,271.7,271.9,271.4,271.3,271.4,271.4,271.4,271.4,271.5,271.4,271.5,271.7,272.5,272.7,272.8,272.9,273.0,273.0,272.9,272.9,273.0,273.0,272.9,272.9,272.9,273.0
272.9,273.0,273.0,273.1,273.1,273.1,273.1,273.1,273.1,272.8,271.8,271.8,271.8,271.4,271.4,271.4,271.7,271.4,271.6,271.4,271.4,271.4,271.4,271.4,271.9,272.0,271.9,271.9,271.8,271.5,271.6,271.5,271.5,271.4,271.4,271.4,271.4,271.3,271.4,271.4,271.3,271.4,271.4,271.5,271.6,271.4,271.5,271.5,271.9,271.5,271.5,271.5,271.4,271.6,272.1,272.1,272.2,272.2,272.3,272.3,272.1,272.0,272.3,272.4,271.9,272.4,272.7,272.4,272.5,272.8,272.8,272.8,272.8,272.9,273.0,272.9,273.0
272.8,272.9,273.0,273.1,273.1,273.1,273.1,273.2,273.2,273.2,273.3,273.2,273.2,272.6,272.2,272.7,272.7,272.6,272.4,272.3,272.3,272.6,272.3,271.9,272.3,272.2,272.3,272.3,272.3,272.3,272.2,272.2,271.4,271.3,271.3,271.4,271.3,271.5,271.4,271.7,271.7,271.4,272.5,271.5,271.4,271.5,271.4,271.5,271.5,271.8,271.7,271.4,271.5,271.4,271.5,271.8,271.6,271.9,271.7,271.6,271.9,271.7,271.7,271.8,272.0,271.9,272.0,272.3,272.5,272.2,272.1,272.1,272.2,272.5,272.5,272.6,272.8
273.3,273.1,273.3,273.2,272.9,272.9,272.9,273.0,273.0,273.0,273.1,273.1,273.1,273.1,272.8,272.7,272.6,272.6,272.6,272.7,272.6,272.6,272.4,272.4,272.3,272.3,272.5,272.6,272.6,272.5,272.5,271.4,271.3,271.4,271.4,271.7,271.4,271.4,271.5,271.4,271.7,271.6,271.5,271.8,272.1,272.2,272.5,272.6,272.7,271.5,272.5,271.6,271.4,271.5,271.4,271.4,271.5,271.7,271.6,271.7,271.8,271.9,271.8,272.1,272.0,272.4,272.1,272.3,272.4,272.2,271.9,271.7,272.5,272.7,272.8,272.9,272.9
273.7,273.6,273.4,273.4,273.5,273.7,273.7,274.0,274.2,274.3,274.3,274.1,273.8,273.7,273.4,273.2,273.1,272.9,272.9,273.0,272.9,273.0,272.9,272.9,272.7,272.7,272.7,272.6,272.9,272.8,272.7,271.4,271.4,271.3,271.4,271.3,271.3,271.3,271.2,271.2,271.2,271.2,272.4,272.8,273.5,273.9,273.3,273.6,273.8,274.3,273.8,273.0,272.4,272.5,271.5,271.4,271.3,271.4,271.5,271.7,271.5,271.5,271.6,271.6,271.7,271.5,271.5,271.4,271.3,271.4,271.5,271.8,271.8,272.1,272.1,272.3,272.7
274.4,274.1,273.8,273.8,273.7,273.9,274.0,274.4,274.8,274.9,275.0,274.9,274.6,274.3,273.9,273.8,273.7,273.7,273.6,273.8,273.7,273.6,273.5,273.1,273.4,273.1,272.8,272.8,272.8,273.3,273.4,272.7,273.7,273.7,273.7,274.0,273.3,272.8,273.6,274.1,272.7,272.6,272.1,272.7,273.5,273.3,274.3,274.4,274.6,273.8,273.0,273.0,273.2,273.2,271.5,272.0,271.7,271.4,271.6,271.8,271.9,272.0,271.9,271.9,271.8,271.9,272.0,271.9,271.9,271.9,271.8,271.7,271.8,272.0,272.2,272.3,272.4
275.4,275.3,274.9,274.9,274.7,274.7,274.6,274.8,274.6,274.7,274.8,274.8,274.7,274.5,274.2,274.1,274.0,274.0,274.1,274.3,274.4,274.3,274.2,273.9,273.9,273.5,273.3,273.5,273.9,273.9,274.0,275.2,275.1,275.1,275.0,275.1,276.0,276.7,277.3,277.6,277.5,277.2,276.8,276.4,276.0,274.2,274.6,274.5,274.7,275.4,275.4,274.9,274.6,273.7,274.5,273.3,274.1,273.8,272.0,271.7,271.3,271.4,271.8,272.1,271.9,272.1,272.3,272.3,272.2,272.3,272.5,272.2,272.3,271.5,271.5,271.5,272.8
275.9,275.8,275.4,275.7,275.6,275.9,275.9,275.6,275.5,275.4,275.4,275.3,275.1,275.1,274.9,275.0,275.0,274.6,274.1,275.1,275.2,275.1,275.0,275.2,274.9,279.0,276.3,276.7,275.2,274.0,275.1,276.9,277.5,277.8,277.7,277.7,277.8,278.3,278.8,279.3,279.0,278.8,278.3,278.0,277.9,277.5,277.0,276.6,276.3,280.3,283.1,283.7,276.0,275.9,275.7,275.5,275.3,275.2,275.2,275.1,275.1,275.1,274.4,273.8,274.2,273.7,271.9,271.4,273.2,272.8,272.0,271.9,271.6,271.8,272.9,273.9,277.5
275.1,275.3,275.3,275.5,275.5,275.6,276.2,276.3,276.1,275.8,275.8,275.8,275.8,275.7,275.5,275.3,275.6,276.5,277.1,275.4,275.4,275.5,275.7,275.8,275.9,276.0,276.0,276.3,276.5,276.0,277.6,278.5,279.1,278.8,279.1,279.3,279.3,279.5,280.1,280.6,280.8,280.6,280.6,280.3,284.4,284.0,284.1,283.5,283.0,282.4,282.8,282.6,284.0,285.2,285.8,285.5,284.7,284.0,280.2,284.0,284.0,280.7,283.8,284.1,276.5,276.7,277.4,277.8,278.1,278.4,278.5,278.5,279.1,278.8,278.7,279.7,288.3
273.4,275.5,276.1,275.9,276.0,276.5,277.0,276.2,275.6,275.9,275.8,275.0,276.0,275.8,275.9,275.6,274.8,274.9,276.8,276.3,277.2,278.5,277.4,278.3,278.5,279.5,277.9,276.7,277.2,277.8,278.2,278.8,279.0,279.2,279.4,279.5,280.1,280.3,281.0,281.7,281.9,281.7,282.3,283.7,283.9,284.3,283.4,283.1,282.0,282.7,282.8,282.8,283.1,281.6,282.2,283.8,283.2,283.0,283.4,283.6,282.3,283.0,282.1,282.8,285.8,284.3,284.9,288.1,286.6,280.5,281.1,288.9,288.9,278.1,289.9,290.6,290.9
276.6,279.7,276.8,276.3,276.3,276.0,276.3,276.6,276.4,276.3,276.3,276.6,276.6,275.9,276.0,275.7,276.7,276.7,275.9,276.0,277.3,277.4,277.7,276.9,277.2,278.0,279.8,279.8,279.7,279.7,277.9,278.4,278.6,278.8,278.9,278.7,279.2,279.4,280.1,281.2,282.1,282.2,284.1,284.5,284.8,284.3,284.5,284.7,285.7,284.5,283.9,282.5,282.7,282.7,282.9,281.6,283.3,283.0,285.1,286.0,288.5,288.0,288.6,289.3,290.4,291.4,290.7,290.1,292.1,287.5,283.4,282.2,288.9,289.8,290.2,289.9,290.2
268.6,269.4,269.5,275.6,275.2,276.3,276.6,276.0,276.7,277.2,276.6,276.6,274.9,274.2,274.2,276.3,276.1,276.7,277.4,277.4,278.8,279.7,279.8,280.7,279.9,280.0,280.7,280.0,279.3,279.9,280.0,281.5,279.7,278.5,278.3,278.6,278.9,279.7,280.5,281.1,282.1,283.0,284.1,284.7,284.4,286.0,285.8,286.8,287.1,286.8,286.0,286.4,286.6,288.0,288.7,286.8,283.4,284.8,286.2,288.7,290.1,290.3,289.7,288.6,288.6,288.6,289.0,288.8,286.9,289.4,288.7,288.7,288.4,290.1,290.2,289.9,290.1
269.3,267.6,265.7,265.6,267.5,274.3,274.2,274.6,273.4,273.0,273.0,273.7,273.9,275.5,275.3,275.8,277.5,277.6,277.9,278.6,278.7,277.9,280.5,281.7,282.1,281.2,282.9,283.0,282.5,280.9,281.2,280.9,280.8,281.5,282.5,281.9,281.4,279.9,281.7,282.1,283.3,282.6,282.5,282.8,285.0,282.8,284.5,285.8,286.4,287.2,287.2,287.0,286.5,289.0,288.4,286.9,287.5,288.9,288.2,288.7,287.8,286.5,289.6,286.6,282.9,283.4,281.7,283.5,286.3,284.3,287.3,287.1,285.7,289.7,293.3,293.4,293.6
269.8,268.7,269.2,269.3,268.8,269.0,269.8,275.3,273.3,269.8,270.8,273.7,273.9,275.7,275.6,276.2,278.2,279.2,278.9,278.8,279.8,279.7,280.3,281.1,280.4,281.8,283.4,283.8,283.6,283.0,282.7,282.1,281.9,282.5,279.0,278.6,278.7,279.7,281.0,282.5,283.0,282.3,282.3,282.4,282.2,285.7,283.6,282.4,284.3,287.7,282.7,282.3,283.7,286.2,287.8,286.3,287.5,287.4,287.7,285.9,285.5,283.9,280.7,281.0,282.7,283.1,281.4,281.5,281.6,283.5,283.0,285.6,287.7,287.4,287.3,287.5,286.9
271.2,270.1,268.4,268.0,268.7,266.4,268.3,268.5,271.7,268.8,271.8,271.0,273.4,274.3,277.0,278.2,278.4,279.3,278.4,277.7,278.5,278.9,280.8,280.6,279.9,285.1,284.4,284.0,283.8,283.6,283.2,282.8,282.4,281.4,280.8,280.5,280.4,280.6,281.1,281.8,283.2,284.7,285.4,285.9,286.1,286.0,283.9,283.0,282.5,283.2,285.5,282.6,286.3,284.4,286.0,283.0,285.7,282.6,283.9,282.7,284.7,286.5,281.9,283.4,286.9,284.9,284.9,285.5,285.4,281.9,285.5,283.6,283.1,283.0,284.7,287.8,287.0
269.2,269.1,268.1,267.2,266.4,268.1,269.4,270.9,271.5,272.2,272.0,272.4,273.5,277.5,278.9,277.8,276.5,275.6,276.2,277.4,275.4,276.7,277.0,279.3,279.1,280.8,283.9,284.1,284.1,283.8,283.4,283.0,282.4,282.0,281.8,281.5,281.3,281.2,281.5,282.6,283.9,284.8,284.5,284.7,281.4,282.7,283.0,285.0,287.1,285.2,284.4,286.2,285.6,284.3,279.0,273.2,284.6,283.6,283.2,285.2,282.9,281.2,279.8,281.5,284.6,284.7,283.0,283.5,284.1,285.0,284.3,286.2,287.2,283.6,282.2,282.6,283.2
270.3,269.8,269.1,269.7,272.1,274.8,270.6,269.4,270.6,275.3,285.0,273.5,273.3,277.9,276.9,274.6,271.4,271.8,273.8,275.1,277.7,279.2,282.6,283.0,283.2,283.2,283.7,283.8,283.9,283.8,283.5,283.1,282.9,282.6,282.3,282.0,281.9,282.1,282.5,283.5,284.9,284.3,284.8,284.6,284.4,284.0,283.9,281.7,284.3,286.8,285.1,284.4,282.0,282.3,283.4,283.2,283.5,280.1,278.1,283.0,287.8,284.5,273.2,275.1,283.7,281.4,281.8,280.0,281.6,279.5,283.9,285.1,284.4,283.0,283.3,282.3,281.3
270.4,270.4,274.1,284.3,283.6,283.0,280.2,273.4,282.3,284.0,276.3,272.6,272.7,273.6,273.7,273.9,274.3,277.3,278.5,282.5,283.1,283.6,283.6,283.7,283.7,283.6,283.9,284.1,284.0,283.9,283.5,283.3,282.8,282.4,282.5,282.2,282.0,281.9,282.6,283.9,285.1,285.6,285.7,285.0,286.3,285.7,283.7,285.6,284.3,284.5,287.3,286.1,283.5,275.2,282.4,287.1,285.9,281.3,283.0,286.7,285.1,285.9,286.1,283.5,286.3,283.2,272.9,279.0,284.4,283.3,286.3,285.7,281.5,282.4,279.8,279.4,281.5
275.3,285.1,284.4,283.2,283.4,283.2,283.1,283.0,273.5,274.5,285.5,276.7,285.6,285.0,284.8,284.5,283.8,283.6,284.0,284.1,284.0,283.9,283.8,283.5,283.7,283.8,283.9,284.1,283.8,283.7,283.7,283.6,283.3,282.8,282.5,282.3,282.1,281.8,282.6,283.5,282.5,285.6,283.8,285.9,286.1,284.4,284.0,286.0,283.7,286.0,287.2,284.5,281.4,277.8,285.2,288.6,273.2,283.0,287.3,287.5,287.4,287.5,286.8,286.7,283.5,275.2,276.8,273.2,283.8,280.9,279.0,282.2,286.9,285.1,282.3,281.9,284.8
282.6,283.4,283.1,282.6,283.0,283.4,270.4,269.8,270.7,283.7,277.2,285.0,285.0,284.7,284.5,284.3,284.1,284.1,284.2,284.3,284.1,284.1,284.0,283.8,283.7,283.5,283.5,283.6,283.6,283.7,283.7,283.7,283.7,283.5,283.0,282.7,282.7,282.5,282.6,283.0,283.5,284.2,285.2,286.1,285.8,284.6,285.2,286.7,286.5,286.5,285.7,283.8,287.4,286.0,285.5,286.5,286.8,286.9,287.0,287.0,287.1,287.0,287.0,286.7,286.5,286.4,286.4,286.4,288.7,285.7,281.8,281.8,281.0,281.6,284.6,283.2,279.7
285.5,284.7,283.4,282.9,277.8,270.9,271.5,270.4,275.5,285.1,284.8,285.0,285.0,284.8,284.5,284.3,284.2,284.2,284.2,284.2,284.1,284.0,283.9,283.7,283.5,283.6,283.6,283.7,283.9,284.0,284.1,283.9,283.7,283.5,283.4,283.1,283.3,283.3,283.5,283.5,283.8,284.0,284.2,284.5,284.8,285.1,285.5,286.3,287.0,286.7,284.4,286.8,286.7,286.2,286.3,286.4,286.8,286.9,287.1,286.9,286.7,286.7,286.4,286.4,286.3,286.4,286.5,286.6,286.6,286.3,282.0,284.1,283.8,273.4,282.8,287.6,286.0
285.7,284.6,284.3,274.7,272.3,270.1,268.6,267.2,273.0,285.3,285.4,285.0,284.8,284.7,284.4,284.1,284.0,284.1,284.0,284.0,283.8,283.8,283.6,283.5,283.4,283.5,283.5,283.5,283.6,283.7,283.8,283.8,283.7,283.5,283.3,283.1,283.1,283.5,283.9,284.0,284.1,284.5,284.8,285.0,285.2,285.5,285.7,285.9,286.6,286.2,286.3,286.3,285.1,286.7,286.8,287.3,287.3,287.1,286.9,286.6,286.3,286.2,286.3,286.3,286.2,286.3,286.4,286.6,286.7,287.0,286.8,282.0,284.6,281.6,276.8,273.2,278.7
