wind.json
{"header": {"discipline":0,"disciplineName":"Meteorological products","gribEdition":2,"gribLength":78664,"center":7,"centerName":"US National Weather Service - NCEP(WMC)","subcenter":0,"refTime":"2020-08-25T18:00:00.000Z","significanceOfRT":1,"significanceOfRTName":"Start of forecast","productStatus":0,"productStatusName":"Operational products","productType":1,"productTypeName":"Forecast products","productDefinitionTemplate":0,"productDefinitionTemplateName":"Analysis/forecast at horizontal level/layer at a point in time","parameterCategory":2,"parameterCategoryName":"Momentum","parameterNumber":2,"parameterNumberName":"U-component_of_wind","parameterUnit":"m.s-1","genProcessType":2,"genProcessTypeName":"Forecast","forecastTime":0,"surface1Type":103,"surface1TypeName":"Specified height level above ground","surface1Value":10.0,"surface2Type":255,"surface2TypeName":"Missing","surface2Value":0.0,"gridDefinitionTemplate":0,"gridDefinitionTemplateName":"Latitude_Longitude","numberPoints":65160,"shape":6,"shapeName":"Earth spherical with radius of 6,371,229.0 m","gridUnits":"degrees","resolution":48,"winds":"true","scanMode":0,"nx":360,"ny":181,"basicAngle":0,"lo1":0.0,"la1":90.0,"lo2":359.0,"la2":-90.0,"dx":1.0,"dy":1.0}, "data":
[rows 78 to 103 of 181, columns 0 to 56 of 360]
1.8770165,0.9270166,0.4670166,0.8370166,1.3570166,0.6370166,0.9570166,1.4370166,1.5870166,2.0270166,-0.7729834,-1.3029834,0.7770166,2.1470165,-0.5029834,1.0370166,2.2970166,1.8770165,0.6970166,0.9570166,3.1270165,1.0170166,2.9870167,1.8670166,1.8570166,2.7170167,0.7070166,-1.1529834,0.1370166,-2.1129835,1.0870166,-0.2229834,0.6770166,0.4770166,-0.6329834,-0.1029834,0.0570166,2.8970165,-2.2429833,-1.0429834,-2.6929834,-0.4029834,-3.8229835,5.4270167,8.517016,5.4770164,3.6870165,6.1470165,0.9570166,1.3870167,-2.5929835,-2.4029834,1.3670166,2.0470166,3.1670165,5.2170167,5.7170167
0.5170166,0.7070166,1.0570166,0.2070166,1.1270165,0.5970166,0.4070166,1.2370166,1.1370167,1.1270165,0.6970166,1.0370166,0.8070166,0.5570166,-0.5129834,-0.5329834,1.9070166,0.3670166,0.7970166,0.9770166,1.9870166,2.6570165,2.0670166,1.2370166,1.9670166,2.2270167,-2.4329834,-0.6429834,-2.2329834,-1.3729835,-0.6729834,0.6570166,0.027016602,0.3870166,0.3970166,0.5270166,0.6570166,-0.2329834,0.24701661,-1.7429833,2.2670166,-0.042983398,0.9870166,-0.5329834,2.6770165,4.077017,4.4670167,2.0570166,2.0270166,1.6270165,8.237017,1.2970166,3.2070167,3.2770166,3.6070166,3.9970167,5.1870165
0.027016602,0.9770166,0.9570166,0.7270166,0.8970166,1.3670166,-0.2929834,1.4870166,0.5070166,1.3370166,-0.6629834,1.1770166,-0.2729834,0.6070166,0.5870166,1.2570167,0.8270166,0.5470166,0.7070166,1.7070166,2.0970166,2.6870165,1.4270166,1.3270166,1.9870166,-0.3729834,0.6070166,-0.9829834,-2.0729835,-1.2529835,-0.5029834,0.3470166,-0.3029834,0.1970166,0.6570166,0.2670166,-0.7229834,0.6770166,-0.022983398,-1.4429834,4.0470166,0.78701663,0.42701662,1.2670166,5.8070164,2.3670166,3.2070167,2.7970166,4.4770164,5.0570164,5.7070165,4.5070167,4.847017,3.9970167,3.4670167,3.7670166,4.9470167
-0.5229834,-0.5529834,-0.092983395,0.087016605,0.7470166,-0.3929834,-0.3629834,-0.1029834,1.5770166,0.7370166,-0.122983396,0.0070166015,2.3270166,-0.022983398,1.0870166,0.7270166,0.24701661,0.3870166,0.6570166,0.8070166,1.4270166,1.2670166,1.2970166,0.6070166,1.3370166,-0.0329834,0.2570166,-1.2929834,-0.2729834,-0.8429834,-1.2129834,0.087016605,0.9670166,0.7470166,-1.6029834,0.2970166,1.3370166,0.0770166,-0.9929834,-1.2329834,-0.71298337,-0.5929834,0.7970166,2.3170166,5.347017,5.5470166,5.6970167,4.4370165,2.8670166,5.0170164,3.2870166,5.1470165,4.6670165,3.7970166,4.0270166,4.5170164,5.1770167
-1.4629834,-0.2629834,0.047016602,-0.0129833985,0.4970166,0.4170166,-0.0329834,-0.9129834,0.5670166,0.8670166,-1.1029834,0.9270166,1.7470165,0.8770166,0.3770166,0.7570166,-0.0329834,1.0970166,0.7570166,0.6370166,1.2770166,1.2970166,1.0970166,1.0970166,1.0770166,1.2370166,-0.0129833985,-0.8029834,-0.5529834,-1.0129834,-0.4129834,-0.0829834,-0.0629834,0.3070166,0.4470166,-0.7229834,0.1570166,-0.5129834,-1.2529835,-0.2829834,2.2670166,-1.2829834,-2.1829834,1.3470166,3.5270166,4.077017,3.8870165,3.1970167,4.2670164,2.2270167,4.5670166,4.1970167,3.9270165,3.4870167,4.7570167,5.7870164,5.2370167
-0.9329834,0.5770166,0.4370166,0.4470166,-0.022983398,1.3570166,2.1370165,0.3870166,0.5670166,1.3870167,-0.2029834,-0.022983398,0.6670166,0.5870166,0.087016605,-0.3429834,0.42701662,0.8570166,0.2070166,1.1870166,1.7170166,1.2370166,0.78701663,1.3070166,0.6970166,0.047016602,0.0770166,-0.14298339,-0.7229834,-1.2229834,-0.9929834,-0.8729834,0.2270166,1.4870166,-0.1029834,-0.4329834,0.4070166,-0.6329834,1.4070166,0.5870166,1.5370166,3.5570166,0.2370166,1.6370167,1.3870167,3.0870166,2.8570166,3.1270165,3.3170166,2.2470167,3.4270165,3.2770166,3.1270165,4.5870166,5.9070168,6.117017,5.7070165
1.2870166,1.9770166,3.2670166,2.3070166,3.5770166,1.9870166,1.4770166,0.5170166,-0.71298337,0.7170166,-0.0329834,0.2370166,-0.1129834,-0.4329834,0.42701662,-0.0329834,-0.7829834,-0.1029834,0.3770166,0.3470166,0.9770166,0.5770166,1.2970166,1.1870166,-0.5829834,-0.9529834,-0.5029834,-0.2629834,-1.4529834,-1.1129833,-1.4029834,-0.7729834,-0.022983398,1.6870166,0.5770166,-0.1629834,-0.4929834,-0.32298338,-1.1029834,0.9070166,1.4470166,-0.7929834,0.8570166,2.1570165,3.4470167,5.1770167,2.6870165,3.3970165,2.0670166,3.6970167,2.8970165,2.9770167,4.3770165,5.2670164,6.0370164,5.7470164,5.387017
2.9870167,3.3670166,2.8370166,3.1470165,2.6870165,4.8770165,3.0570166,0.4070166,0.7270166,0.3570166,0.0670166,0.8670166,0.4570166,-0.042983398,0.4970166,0.42701662,-0.3129834,0.1470166,0.6870166,0.6770166,1.1570166,1.3070166,1.4270166,-0.1629834,-0.1529834,-1.7229834,-0.8029834,-1.4529834,-1.3229834,-0.9129834,-1.2529835,-0.9529834,-0.5029834,1.5870166,4.1870165,-0.0329834,1.0170166,-3.6029835,-0.5429834,-0.4729834,1.1770166,1.8770165,1.9470166,2.4170165,3.5670166,0.7370166,2.9170165,1.8670166,0.8970166,3.1370165,3.2070167,4.117017,4.887017,5.5270166,5.5270166,5.6570168,5.2470164
3.1670165,3.7070167,3.4870167,3.3470166,3.0670166,4.2470164,4.6470165,3.6770165,3.3870165,4.847017,1.2370166,1.9470166,0.1870166,0.5470166,0.3270166,0.1670166,0.5970166,0.1670166,0.7970166,0.5170166,0.4370166,0.4570166,1.2770166,0.5970166,-0.6229834,-0.9929834,-1.1229835,-0.6529834,-1.1229835,-1.1729834,-1.4429834,-1.3429834,-0.3329834,0.6670166,0.6870166,-3.4529834,1.7870166,-8.272984,-5.7129836,-0.8229834,0.1170166,0.4970166,1.5270166,0.5070166,0.4570166,1.2070166,2.6270165,0.9870166,1.6870166,2.3770165,4.0670166,4.347017,4.6470165,5.4370165,5.5870166,5.637017,4.9170165
3.1370165,2.7470167,3.1170166,3.3170166,3.9070165,3.9270165,2.4170165,3.4870167,4.097017,5.9970164,2.2070167,1.2770166,0.6870166,0.0570166,0.8870166,0.3870166,0.3270166,0.3770166,0.6770166,-0.6829834,0.047016602,0.6370166,0.9670166,1.0670166,-0.2429834,-0.1729834,-1.0629834,-0.4529834,-0.5029834,-1.2829834,-0.8329834,0.3570166,-0.2129834,1.1770166,0.4570166,-2.6529834,0.2070166,-9.622983,-4.9729834,-4.6829834,-2.0029833,0.1670166,-2.6929834,-2.4429834,-0.6529834,0.6670166,1.1370167,1.9670166,1.8770165,3.1670165,3.2270167,4.597017,4.5670166,5.2470164,5.7370167,4.0070167,2.6570165
3.0270166,2.9570167,3.1270165,3.3870165,4.5070167,3.5270166,3.3970165,3.8970165,3.1070166,4.6770167,0.9670166,0.9170166,1.0270166,0.3370166,0.7970166,0.2070166,0.6070166,1.0670166,0.0570166,0.9570166,0.3370166,1.0870166,-0.022983398,0.78701663,-0.7629834,-0.1829834,0.1870166,-0.4229834,-0.9029834,-1.0129834,-0.9829834,1.0670166,-0.7429834,1.2070166,1.3670166,-1.1329834,-0.9029834,-3.9729834,-5.8929834,-4.8429832,-4.3229833,-3.4929833,-4.0329833,-1.6929834,0.1470166,0.6270166,1.5470166,1.6670166,1.4970165,2.3570166,3.5870166,3.3170166,3.4770167,4.2570167,0.3070166,0.1370166,0.4770166
3.6970167,3.4470167,3.5070167,2.7670166,3.9270165,3.5070167,2.9670167,3.1470165,4.0270166,4.0570164,1.4370166,0.7070166,0.7570166,1.2970166,0.2070166,0.4570166,0.7570166,0.78701663,1.0770166,1.1170166,-0.32298338,0.7370166,0.4870166,0.8170166,-0.6829834,-0.9529834,0.4870166,-0.2029834,-0.3329834,-0.5229834,0.1770166,-0.1529834,-0.5829834,0.2970166,-1.3729835,0.3570166,0.9570166,-3.8229835,-7.2329836,-5.0129833,-4.112983,-4.8129835,-2.3729835,-0.6629834,0.4370166,-0.2129834,0.3870166,0.6870166,0.2570166,2.5070167,2.6770165,2.9670167,2.0970166,2.7670166,-1.1329834,-1.5529834,-1.0029835
3.2070167,3.8970165,3.7670166,3.2070167,2.1570165,4.2270164,3.4470167,2.5670166,3.0970166,4.0870166,2.1470165,1.2170166,0.3370166,-0.6829834,0.6770166,0.4570166,0.7370166,1.0370166,1.1970166,1.4270166,-0.2429834,-1.0429834,0.087016605,1.2270166,0.0370166,-0.9329834,-0.7429834,-1.0929834,-0.6429834,-1.1929834,-0.6029834,-1.3429834,-1.5629834,0.0770166,-1.6529834,-1.5629834,0.5070166,-0.6929834,-1.9929833,-3.1329834,-3.8029833,-3.7829833,-1.0029835,-0.8329834,-0.6829834,-1.8229834,0.1670166,0.3970166,-0.022983398,1.0170166,1.6770166,1.5170166,1.8970166,0.0770166,-1.7429833,-1.9229834,-1.6629834
3.3070166,4.387017,3.0170166,3.8270166,2.0570166,3.8270166,2.9070165,2.9070165,2.3670166,2.1170166,3.5970166,1.0470166,0.2870166,0.42701662,0.5170166,-0.2529834,0.6670166,1.0670166,1.0270166,0.24701661,-0.32298338,0.6370166,0.4170166,0.9170166,-0.5929834,-0.6629834,-0.8529834,-0.7929834,-0.4329834,0.21701661,0.0570166,-2.4529834,-1.2729834,-1.2529835,-0.9129834,-0.7029834,-2.1929834,0.4970166,-3.0129833,-5.5329833,-3.3329835,-1.3729835,-0.3829834,-1.3129834,-1.4329834,-1.9529834,-0.6929834,-0.2629834,0.087016605,0.5570166,0.8170166,-0.3929834,-0.3129834,-4.6829834,-3.0429833,-3.4529834,5.077017
2.1770165,3.5770166,3.1970167,2.7970166,2.4270165,3.3870165,3.0270166,2.6770165,2.7770166,4.3370166,1.8670166,0.9370166,0.9170166,0.7570166,-0.6929834,1.0070167,-0.122983396,1.0570166,-0.5829834,0.1970166,0.4970166,0.6670166,0.4970166,0.6870166,-0.5929834,-0.8929834,-1.2729834,-0.3629834,-0.3529834,0.5970166,-0.6029834,-1.6229835,2.2670166,0.4970166,0.5070166,-3.1329834,-1.9229834,-5.132983,-3.1329834,-4.882983,-2.7029834,-1.1629834,-0.7029834,-1.2729834,-2.0329833,-2.5529833,-1.9229834,-1.4129834,-0.4429834,-1.0929834,-1.2129834,-1.0429834,-2.3329835,-1.9229834,-5.112983,-4.2129836,-4.5329833
1.6170166,1.7870166,2.7270167,1.6470166,2.5970166,2.3570166,2.9470167,2.8770165,3.2970166,3.8270166,3.8270166,2.6470165,0.3970166,0.5870166,0.3270166,1.3970166,0.1370166,-0.0529834,-0.6029834,1.1570166,0.6070166,0.8770166,-1.0929834,0.4670166,2.3770165,-1.0129834,-0.4829834,-0.4129834,-0.1929834,0.3770166,-0.71298337,-0.9029834,-0.4629834,1.1370167,-2.0229833,-3.0429833,0.7270166,-2.8229835,-1.7029834,-3.3929834,-0.4629834,-1.8329834,-2.5029833,-3.0729835,-2.4229834,-2.3429835,-2.3629835,-2.4729834,-1.6929834,-2.0129833,-2.2429833,-1.4529834,-3.0829835,-3.3229835,-3.1529834,-2.4329834,-4.402983
-0.1929834,0.5070166,0.3570166,-0.8029834,-0.8329834,-0.2729834,0.7570166,1.5070167,1.7070166,3.0870166,3.5870166,2.8670166,2.3470166,1.9870166,1.9470166,-0.122983396,1.1470166,-0.8229834,-0.4829834,-0.1029834,-0.0629834,-1.1229835,0.4470166,0.1670166,0.4670166,0.027016602,0.0370166,-0.2129834,-0.8329834,1.0770166,-0.1029834,-0.9429834,-1.0329834,-0.8329834,-2.5129833,-2.6229835,-3.8329835,-4.6429834,-2.9229834,-1.4629834,-1.3129834,-2.6829834,-3.5229833,-2.9429834,-2.3729835,-2.1629834,-3.4229834,-3.1629834,-2.8529835,-3.4829834,-2.8029833,-3.3729835,-3.6829834,-3.0329833,-3.9829834,-5.0929832,-4.7729836
-2.0229833,-0.4929834,-1.0329834,-1.2329834,-1.0529834,-0.6929834,0.3870166,1.1470166,1.4570166,1.8570166,1.9970165,3.6470165,2.1070166,1.2570167,2.9270165,1.4170166,1.0670166,-0.2229834,-0.2729834,-0.6529834,0.4870166,1.0270166,0.4070166,-0.9929834,-0.0729834,-0.7529834,2.0570166,-0.5529834,0.6070166,-0.2329834,0.7670166,-1.3529834,-0.092983395,-2.5829835,-2.5429833,-1.6929834,-4.6229835,-3.9529834,-2.4129834,0.9470166,-2.2429833,-3.1729834,-4.7529836,-3.5329833,-3.9129834,-4.5729833,-5.172983,-4.7629833,-4.362983,-5.1029835,-4.612983,-4.1029835,-3.7129834,-3.8729835,-4.632983,-4.9929833,-5.0729833
-3.1529834,-2.1529834,-1.9429834,-1.2729834,-0.9829834,-0.5629834,-0.5129834,1.2270166,1.5770166,2.1370165,2.4070165,1.9470166,2.0470166,2.7870166,2.5870166,1.8970166,1.8370166,0.2770166,-0.7529834,-1.6729834,0.2370166,0.2570166,0.8570166,0.1070166,-0.9729834,-1.4529834,0.7170166,-2.2529833,-0.1729834,-0.2829834,-1.6929834,0.5870166,-1.6029834,-2.4329834,-2.8729835,-2.3629835,-3.1729834,-1.9229834,-3.2229834,-3.3129835,-2.8329835,-3.5229833,-4.5229836,-5.0229836,-6.0929832,-6.0729833,-5.7929835,-5.862983,-6.5229836,-6.5029836,-5.422983,-4.5129833,-4.4329834,-4.1929836,-5.2529836,-5.0529833,-5.4129834
-2.3829834,-2.3929834,-2.1429834,-1.5529834,-1.4229834,-1.1729834,-0.8029834,1.9970165,2.2270167,2.1570165,2.1970167,1.9670166,0.8770166,1.7170166,2.7670166,1.2770166,2.1370165,0.3670166,-0.4029834,-0.8629834,-0.4729834,0.7370166,-0.4129834,0.9270166,0.5170166,0.0170166,-1.0429834,-0.1529834,0.2570166,-1.6629834,-0.1529834,0.4870166,0.0170166,-1.3129834,-2.4129834,-3.8829834,-3.8529835,-0.8629834,-1.9929833,-2.6529834,-3.5629835,-4.9329834,-5.5329833,-6.152983,-7.3029833,-7.422983,-7.402983,-7.2329836,-7.1029835,-6.5029836,-6.1229835,-5.1429834,-5.3029833,-5.2429833,-5.2029834,-5.5429835,-5.7729836
-2.6629834,-2.4429834,-1.9529834,-1.1029834,-1.4029834,-1.3629833,0.5970166,1.2370166,2.0470166,1.7470165,1.5270166,1.5070167,1.5370166,4.5670166,2.1070166,0.9270166,1.0470166,0.6370166,0.7970166,-1.3929834,-0.2729834,0.6570166,0.9070166,0.4170166,-1.4629834,-1.3029834,-0.4329834,-1.0029835,-0.1529834,-1.1429834,0.4970166,-2.0529833,1.4770166,-1.6029834,-2.1829834,-5.1229835,-3.2029834,-0.6629834,-3.9729834,-1.4829834,-4.7329836,-4.922983,-4.5929832,-5.3029833,-6.8729835,-6.9429836,-6.6829834,-7.2929835,-6.6229835,-6.382983,-6.1929836,-6.0929832,-5.8729835,-5.5629835,-6.2529836,-6.902983,-7.132983
-3.4329834,-3.1229835,-2.8429835,-1.9129834,-1.3829834,-0.96298337,-0.4429834,0.1870166,1.0770166,1.4770166,1.6570166,1.0570166,2.6170166,3.6370165,2.8370166,3.6670165,3.5870166,1.2270166,1.0570166,-1.3429834,-0.0529834,0.6270166,0.2670166,0.087016605,0.0770166,-0.6429834,-0.6129834,-1.3329834,0.3970166,-0.32298338,-0.4429834,-2.3429835,0.047016602,-2.5329833,0.0770166,-3.4329834,-1.9229834,0.4770166,-3.0329833,-2.0229833,-5.0529833,-4.402983,-3.9529834,-4.9529834,-6.5629835,-7.0529833,-7.8329835,-7.5729833,-7.4429836,-6.9829836,-6.5829835,-6.2529836,-6.1429834,-6.402983,-8.072984,-8.712983,-8.022984
-3.8629835,-3.7229834,-3.1629834,-2.3129835,-2.0429833,-2.0929835,-0.9329834,0.1870166,0.5870166,1.5670166,2.0270166,1.3870167,2.9470167,2.9970167,2.7170167,3.9370165,1.7270166,0.8470166,0.087016605,-1.8629833,-0.5729834,0.0070166015,-0.8329834,-0.1729834,1.3370166,-0.1729834,-1.4829834,-0.122983396,1.1070166,-1.6629834,-1.0229834,-1.4329834,-2.5129833,-1.2729834,1.3070166,0.027016602,-1.0229834,-0.8629834,-3.5029833,-2.8029833,-3.8529835,-4.2729836,-4.0129833,-4.172983,-5.4929833,-7.2529836,-8.842983,-8.622983,-8.352983,-7.0429835,-6.6629834,-6.8229833,-6.7929835,-8.392983,-8.982984,-9.432983,-9.142983
-3.9229834,-4.0229836,-3.4329834,-2.9029834,-1.8229834,-2.2629833,-1.6129833,-0.0629834,0.5170166,1.8170166,2.3970165,2.6370165,3.1970167,2.2470167,1.4970165,1.1470166,1.9270166,-0.1329834,-0.4229834,-1.3129834,-1.0829834,-0.0329834,-0.8129834,0.53701663,0.4770166,0.0770166,-2.1329834,-2.5229833,-0.4129834,-1.0929834,0.6970166,-2.6629834,-0.8129834,-2.6229835,-2.0729835,-0.7629834,-1.5629834,-0.96298337,-3.3629835,-2.3629835,-1.3629833,-4.1929836,-3.4729834,-4.9829836,-3.9129834,-3.9729834,-6.8129835,-8.972983,-11.302983,-8.772984,-7.2129836,-6.9729834,-7.9729834,-9.052983,-8.982984,-8.532984,-8.972983
-4.632983,-4.4829836,-4.0629835,-3.4929833,-2.4829834,-1.9729834,-1.6529834,-0.7529834,0.4870166,1.6170166,2.9070165,3.6970167,2.3970165,1.8670166,1.1270165,1.6270165,-0.7629834,-0.4529834,1.0070167,-0.7429834,-1.0529834,-2.5929835,-0.4929834,0.0770166,-0.5729834,0.0570166,-1.7329834,-1.1729834,-1.4129834,-0.7929834,0.3070166,-2.9929833,-1.2429833,-4.3429832,1.1070166,-1.8529834,-1.3329834,-1.4529834,-0.2029834,-3.9129834,-1.3429834,-4.2029834,-3.9629834,-3.8029833,-1.1529834,-0.32298338,-2.8929834,-1.1029834,1.9170166,-8.422983,-6.3429832,-7.2929835,-9.552983,-9.072984,-8.732984,-8.612984,-8.862984
-5.2129836,-4.5429835,-4.1429834,-3.9429834,-3.0229833,-2.2029834,-1.9029834,-0.8229834,0.6570166,1.3870167,2.0570166,3.9370165,2.9270165,2.4470167,1.7770166,0.8970166,0.0770166,0.6270166,-1.5629834,-0.4029834,-0.8829834,-1.1829834,-1.4429834,-0.4729834,-0.3829834,-0.6529834,-0.2729834,-1.1229835,-0.3829834,-0.0329834,-2.4429834,-1.2929834,-2.9829834,-3.6429834,-0.8329834,-1.5929834,0.3970166,-0.9229834,-0.5829834,-4.0929832,-2.4529834,-3.7329834,-2.8929834,-2.0729835,-0.8729834,1.6270165,2.6370165,5.6970167,0.5770166,-4.4729834,-5.112983,-4.4429836,-7.9329834,-9.042983,-8.792983,-9.302983,-9.022984
